0111000000000100111010
11101111011111100001
100000
0100101001001001001110111010
11110100111
001000010011010001110100000
00011100001110010011010101110111
10110110001001
01111000000011101100111111000001010001001
000101111
1010111110110
10010110100101010001001110010
1011010101011101100
100111101011100100001111100000
00010000110101110101001111001010
1110011100110100001
0000011100000101111
0110000100111100000000001110100110
010000101110101110101100000110110000001
01110100011110010010
1011010101011101100010010100111
0110000100111100
010001111101101001110100
1010011111001100110
01010010101110100011010001
11111010111111000000001
010001010
1000000001101110010101011111101101101101111111
01011110000010001010
111011110111111000010000
010010010010
101110110111011001011110100101111
111100011110010010001110101100
10011110101110010000111110
10111010010010011000010001111110100111
011001001001010101001100101100
01000110010000100110110100010000100010
01110000000101001011011
00101110001000000100001010110001111100
10000011011111100011010
011110100001101001010111110001111010001010111
01000010111010
01100001101101011010
00010101010110001011101011110
001111001110011100111000001011100
0001001010011001101000001110100111000101111101011
000110001110101111
0001010111001000001101111101011
0010000000111100
10000100010110110010000101101010101010110111011
1101011100110010100110100001110
10000111101011110010000110010111
0000010110
11001101001110101000011100010001011100010001
10000001000100000110000001100111100101111
110001111000111
1101011110111010111010001001
00000101001001010110010000010
01100111101001111111010001110
100110111111101010010
101100001000111100111
110010100001110001110111111000011000101100011010
000011110010100010110011110011010101110100111
10001110100010111001001100100011010011100010
10110111111111000010100000111
00111011110001011100010110010
10100111110011001100011001001011110000
110111000110111101000111
0000001101110001110010010110101011101101011
10000110111110111110001010010001
1111001110000110
1101101000111100110001110011101111110100
01000010011001100110
001000000100101001000001000100101111110
101101111
1011100
00101000101010101100110
0111100011011001
101101111100110111010001000000101001000111111010
100011011100010010010001000111100111
011010010000111100111101010111
1010010000111110110110011010110000011
10000110111110111110001010010
0010000001001010010000010001001011111100000
00000101111100010
01001110110001111010100010010111100010001101011
0110110111100100000101011000111100
101110100100100110000100011111101001111000110100
01011111101001100111110111010
11110111
110110111001001
00100111
01100011010110111000011000110111110001000100
101010100110010010
01000001111110010110
11011100011011110100011111100101100
1000000001000101011110010
1001110010110000100001101011010111111011100110111
0111100110001000001111001
1101011110010000010101100011111
11100110011111111101011011110101010100010100000
1101101101111000001000010101111110100
0010101000010000010000100111011110100100000110010
111000101010001110101111
111010101001001010010011001100000
000000010110101011010011011
0111100000001110110011111100000101000100110111
1110111000101001010101100
1010011011010
1011010101011101100010010
0000011011
00101000101010101100110011010010001000000000001
011011
1000000010110011000100001011101110110100100111
001010001010101011001100110100100010
1011010001100
00101010
10011100101100001000011010110101111110111
0110010101000111
1111001011100100111010001
1101101000111100110001110
1010000011000100101001110000
011111011011000101011100010010100010
10000110111
010000100111111001100011010000101110101100100000
01111011110101010110110010110100100111
10101010011001001000010000111011100110010
011111011011000101011100010010100010001110
101010100111
11100111111110100111110010011000000
100101000001100000011010010100101111110
1000010101100111100110001110110000100011101111111
110110010011000010
10010111101000110011111000000111001011010100110
011100111100001
01110000000101001011011010
00010101110010000011011
0110110111111110101010110011101111010
110010111100010000001101011011011
11100111011101101110110100101111111001110
0110110111
110000110111111011001100100000001
00000000010010101101111111111
00100100110100011111100010
0110011000101101101011111000100001010101011
111100101110010011101000111000010111000101111010
110010111
1011011111001101110100010000001
000111001111111000100100010001101011
000011111010100000
1010100110000110111
1000110110100010
01111001100
100011011010001000011000011011100
10000111001111011100000111000100
101111111110001100111100011010000111111011000000
010011100101010111111000010111
1010011000100010010100010000100111010
000101111010
100101000001100000011010010
000100001011
100001101111101111100010
011100011101110001011110011001011010100
11011011100100111111010000000011
100111001011000010000110
0011100111000111100
11011011011
1110111010
00111000000011
00101101011000101010
01010101101111
11110111101010111
1101000100010101000010111000100111
00110101011000001011010000111100000010
1011001100011000010110011100001011010100
0001010101011000101110101111000110011111001100
0001111011101101010100
0111100011011001000001011100010011110101000111010
1001100
0110011110100111111101000111000001010100001100
000011110010100010110
0100011101010111001010100111110
110000110111111011001
1011101101110110010111
0010111000100000010
10010110100001111000001010111111000111
111011100010100101010110010100110100
110010100001110001110111
011100110110111101011011
00000000101110100
011111010100100110001101111001111101011011001
1100001101101111110100111
00111001110
00011111001011000011
0001100010101011010100001100001100000010110110010
1101011010111010011001101111001110000
111110110100111010100110101101011011100001
01111100011101011110000111011111010010100111
11110011100001100110000001100101101111
010111100000100010101111011011001001
10111100011010110
000000111101010101011011001010
00000101101110010110010111
010001
100110011100
10100100001111101101100110101100000111101000010
0101010110
110001100000111100010101100000101001100
10000000011011100101010111
100101111
1010000011000100101001110000110001
1100111100000001101100
01100001001111000000000011101001100111
0111111101000011010010111011
0100010011110100
00000001111001111011010100010110
1110000001011110010100111100110010010110
110000110111111011
1010011100001111
01111100011101011110000111
000111000011100100110101011101110111
1010011111001100110001100100101111
01000010011001100110000101101010110000001010001
01010101101111100111101101101001110101111
1000000100010000011000000110
111111110000111100100111
111110101110010101000000111101100011011
11001010100000111
101100001110000101100111
110110011101001011100
01100011011010111110100111
1110101010010010100100110011000000000
01001010010010010011101110100011010000100
100010101000000010100101010011010010111001
0101001010010001110100011111100
1110111001011011
010000101110101110101100000110110000
11001100100001010101000101111001001001001010110
011000110101101110000110001101111100010001001111
1000110011101000110111
1000100000111
1010100110000110111111101011110111010011011010
10101110111
0110000011100010
1000101010000000101001010100110100
111100111000011001100
1111001011100100111010
00000011110101010
0100110101011
0101111000001000101011110110110010010000110111011
0011010101100000101101000011110000001001100100111
1011001100
001010101010
011101000111100
11100010110111100111000110110000110101111
1000110000101010010
10101001101101100001001
1111100111001110
111001001011011001011001110110111
00001001011001100
111010001
10000000010001010111
0111110011110110100
001010010101010100010101111
1000000010110011000100001011101110110100
001011100010000001000010101100011111000111100111
1010111110
001011001101111101111011011011001100101011100
011000100110000111110010101111000001000001111
10100111000011110011111
1011110011100010100111110101000101010010110010
011111000111010111100001110111
01001010000000010
0110000000110011001100
101000011110110111001001110000001001
10001100111010001
0110011110100111
11101111011111100
111111110110110100111001011000010011001011100
11100010101000111010111110111010001101111110100
110110010011000010100111
01111101010010011000110111100111
1110011001111111110
01111000110110010000
011110010001010
1100101010000011101101000101111
000110001010101101010
01011010111001010101000101100
1101101101111000001000010
01000111011100
100111010100001111011011
1010101110010100101010100100111000100000101011
001010010101010100010101111110
1011110011100010100111
10000110111000111111010010110101111111110
1110011111111010011111001001100
01110000000101011101111100010000011001010110
10110000100011110011110111
010110
11011001110100101110000010011011001001100
000111110010110000110100000100100001011
010000010111
001111100000
011111100000100101111100111011110000111
1110000001011110010100111
100011010001011011110010100101111
000001101101100110000011000001100010001001000111
111010001110
00011000110010010111111010011011
1101011001010101111100111
0111000000010101110111110001000001100101011010010
110000110110111111
000000110111000111001001
00011011010100110100010010
01111010101001101000010000010000010001100
010011100101010111
111010100110110010010101100111111000000010
01100000001100110
1110100011100000
100010101000000010100101010
1010011101000001111
011110011000100000111100110101100010000
10000111001111011100000111000100010000100
0001100101011001110100111011011
10100110101100011
01100010111011100111
10101010011001001000010000111011100110
10010
11011001001100001010011110010011101101011
1010001101010110100000110110101001111000011011110
000000111101010101011011001
001101010100
00101000111
11101110001010010101011001010011010011100110
0101011101100010011000001010010011011100101111
000000111
0110101110011000011101101101001110010100011111
01111101010
001001110100101110111110100
110101100101010111
1100110011000011010101111111
110101110101100101100001110111
100000001111001011010000000010100110100101010111
010110101110010101010001
1100111100000001101100101110011110010110010111
11011011011110000010000101011111101001101111
111010001101010010100101000110110000
11111001110011100100011111110
01111110000010010111
0110010100001011100001001110100011110100
000100101101101101101111
000010101110011001101010000011110
100010101110110101100000011011001
000110110101001101000100101111
0110111000111
111111110110110100111
1111010011110010101010010111001001011000011
000001110000010
01101110001110111000011100
11110110100111111000101000110011011
101001010010010110
1010000011000100101001110000110
00011110111011010101001110110111001011101100
10100110110100100001100100000000000010111110
00100011000001101100100101111010111011
10101110111100111111011000111111001010110
0011011011011100110111100011011100000111
0110001011101110011101100
1111001011100
010000010111110
101101111100110111010
10001100111
0101111000001000101011110110110010010000
1011111111100011001111
101000011111100000011101100110010
0001100011110110110100101110000001001101101010111
011100111100001100000101111001
111011110111111000010000110
001011100011010111110111010100101000010001
01100110001011011
10000000011011100101010111111011011011
10011000011000111110
11100010101000111010111110111010001
10110110001001111010011001110000111110101111
010001110
00100011000001101100100101111010111011001001
1000011
0111100011011001000001011100
1101100011111000110101011100111
10111100110011001111011101100
000001110000010111110000010101100
00101101011000101010110111110010
111110001111100110111
1100111101000010110001111101110110111010
010110101110010101010001011001001101001100001011
10001101110001001001000100011110011110001100010
011101111000101010000110100010100010010010101010
0010110011011111011
010001100000110111000111010001100010
1011011111001101110100010000001010010
011000011011010110100000001001110110
10111000110101001010001101000101111101010
1111001111010001101111111
000011101001001010010101110001000001100101100
10101001101101100
11111100
011100000000010011101010011111101000011010
011001111010
01111001100010000011110011010
11010110101110100110
00111
1010001000001001011100
01101101010110101010100010
00010100100111
00100100001010100
000000111101010101011011
10000111000101111110111101100
1101001011001011110010000010001100
101000011110110111001001110000
01100101101111110100011111
1101000101100100111010001
1110110001000101110000
000101010101100010
0000100101100110000110010110
111011100010100
1110101010
010101110110001001100
11101000100101100111110010001
111101101001111110001010001100110111100110111111
010100101100000111110000010
00010
0110001001001000111110000000100
111110101110010101000000111101100
011100100010111100001110100111001
111011000100010111
10101001100001101111111010
101001100
000000010001010
011001111010011111110100011100000
010111100000100010101111011011
100010101110110101100000011011001101100010
1100111101000010110001111101110110111010001101100
001010000000110011110010010010100000110001
101101100010011110100110
001011100
101001100010001
01010111011000100110000010100
001110101101111110001100010000011110111001
001011100010000001000010101100011
1010100110000110111111101011110111010011011
110011001100001101010111
11001010000111000111011111100001
1100011000101110100
0110110100110100011111011010110101001010110
101111111110001100111100011010
011110101101000111111100000000010001
01111000000011101100111111000001010
00111100000111111011
001001001101000111111000100011111010001
01011010110100101111001010111
10110111111111000010100000111001110
01100011011110
0100110101001010101011010000101010
01100111100100110101011111101111011110001000111
00101000101010101100
10011011001010010100111110100010000010111110
0010111000100000
11110011010111110101100101101111100
1001101111111010
1010000111
0110000000100010101100110000101001101010000000111
00111100111001110
11011001110
1001011010000111
10010000111001100010110000100
10101010011001001000010000111011100
1110111001011011010
00110011100100111110011010000011
11100011
010011010101110111
11111100000111001110001111010011011
00000101111100010111101011100101101110111
101100110001100
11001000010010010100100000011101011100110
01010010101111100010011001001000011000010010001
001100010101111111
11111111000011110010011110000111
10100011010101101000001101101010
010100010
110010111100010000001101011011011010110010111011
11111111000011110010011110000111110
00011000111
000110110101001101000100101111011101001010010
100001111010111
0100001011101011101011000001101100000011111
0110111000111011100001110000010100100111
0110000011100010010
10010111101000110011111000000111
0011101000001101001010011011
101001101011
1110111001
11001000010010
101101111110000100
0011110011100111001110000010111000010100111
00000110110110011000001100000110
01000010111010111010110000011011
1110011100110100001010001001110101100
0011000001001111
10100001111011011100100111
11100000010111100101001111001100
0011000101011111111101101011000010110110111
01010010110000011111000001010110001110100111
1000110001010110000001010
01100001
001101010110000010
1100001101111110110011001000000011111
010001111101101001110100110
0101001010111010001
11111111011011
000111000011100100110101011
011000110110101111101001111001111111
00000010101110011111101100
1101011010
01100011011010111110100111100111
0110001011101110011101100001001110100000111
11011011011110
11001000010010010100100000
00101000000101010000100100011001000011011001
1011011000100111101001100111
00010111000110010000011000000
010101100001
000111100011110100011000001011110000
010010100000000101010111000011101001101011110
01111111010
0000101011100110011010100
010100010110101111111010
0110111000111011100001110000010100
10101110111100111
010000100110011001100001011010
011001010100011110011111101000000
000110001110101111001101010001010101010111011
100110000110001111101111000001011010010010
0000001111010101010110110010101111
011000001110001001000101100011000000
10101001101101100001001110
10001111100110111
010010011001111
1101101110010011111101000000001110110011100010
00011110111011010101001110110111
1001011010000111100000101011111100
101101111100110111010001
101000001100010010100111000011000110010001110
1110111001011011010111010010010001000100001
0110000011100010010001011000110000001101010
1000110110100
1010011011010101010010010000110111000010010
100010101000000010
1011001100011000010110011100001011010100110
10111111111000110011110001101000011
000100100101011011110100011000100111
001100010101111111110
10011111010111011110010
01000010011001100
1000110110100010000110000110111000001100011
0110011110010011010101111110111101111000100
1111100111
000100001011101100101110011110101110000111010
01110100011110010010001
111010100110110010010101100111111000000010101100
10000111001111011100000111000100010000100110
0110000001010000010111
1101110001001000011010
00100001001101000111010000011100101110001001010
100111000000010010010100001011111011111101100011
111010001110000001111011111100110011011
00110011100100111
000010
10100011111011100101010100100000000100
00110001010111
01001110010101011111100001011111100
11010111010110
00101010110
11011100010010000110100110111111
110101100101010111110
0100111
111111110110110100111001011000010011001011100110
110010101000001110110100010111110100110100
011111010110111110110010001101100
0001101101010011010001001011110111
10010110100001111000001010111111000111010
10000000010001010111100101111010111011
1111110000011
111011011100000001101000100100000000100
111000111010
0111010
0010110011011111011110110110
00011011
111010101001001010010
0000010110111001011001011111010010000100100010110
11001101001110101000011100010001011100
10110111111111000010100000111001
100111010100001111011011111101111110101011
0001111011101101010100111011
1101011110
01100000111000100100010110001100
110011010011101010000111000100010111000100010000
01001010001001100011000101101000000010
0100110101001010101011010000101010100011011111011
01011010111001
0100010001011
1010001101010110100000110110101001111000011011
011100000001010010110110100101111
0011101011011111100011000100000
101000001100010
000110001111011011010010111000000
100101101000011110000010
0111100011011001000001011100010
101110011011110011111
000101111010010010100111
0111110110110
110110011101001011100000100110110
00000101001001010110010000010001
1101011001
0111101010101100111101100
10110111111111000010
11001010000111000111011111100001100010
11101111011111100001000011001000011000100111011
10010110100001111000001010111111000111010110
00000001111001111011010100010
101011101111001111110110001111110010101101010
00101100011010100110100001
100011001110100011011111100
01100101010001111001111110100000010001100001001
11101110010110110101110100
00000110110110011000001100000
11000110000011110
01111111001001111011
0110001011101110011101100001001110100000111110001
110000110111111011001100100000
101000100000
110010101000001110110100010111110100110100110
011101111111101011111010001
10100110111010000111111001
00000111
010001001111010001101000000001
000101111010010010
011001111001
01001010000000010101011100001
00101101011000101010110
01011110000
11001100100001010101000101111001001001001010
0100010000110011001010011010010110100110001010
1000000101011011000101010010000101000101000110100
1100111010011100110000111100110100
0100001011101011101011
10000110111000111111010010110101111111
011101000111100100100010101001010111100010101100
1101101000111100110001
1010011000100010010100010000100111
0010100110111000001011011011100
001101101000110111100010011000100110101010100
010010100001101111100110000101001110111010
0101010
01111010101011001111011001111011011
1010000111101101110010011100000010010000
100001010110011110011000111011000010001110111
0110010010010101010011001011000100001000000
001010001010101011001100110100
1110111001011011010111010010010001
0000000010111010010000111
101010011000011011111110101111
0111111100100111101110000110011100
0111110011110110100010001010101100110
10000111000101111110
111101111110111111
1011001100011000010110011100001
0111101000011010010101111100011110100010101111111
000000111101010101011011001010111110010
00110111110000000111000100110
1010000111010
100111
000101111010010010100111100011010011011100
00010000110101110101001111001010001001
1011101001001001100001000111111
1110011001111111110101101111010101010001
000101010101100
101001111100100001011000000110111
00101000101010
11000111
1011100010010101001010011011110101110100010001011
100011001110100011011111100111111111110101011
1001100001
1101011001010
10101001001010001100010
101001111100110011000110010010
0000000101101010110100110111011001011101010101111
100000000100010
0010110011011111011110110110110011001010111000000
0101010110111110011110110110100111010111101100110
010110101110010101010
000011110010100010
0011010101100000101101000011110000001001100
10110101010111011000100101001110111001
00101100011010100110100001100101111
0000011100000101111100000101011000110101010100
1101000100010101000010111000100111100111
001110101101111110001100010
011111000111010111
11000011011111101100110010
00011000101010110
1111001110000110011000000110
11010110010101011111001111010110111111100
011001110100010
11110001111001001000111010110000001110100
000000000100101011011
11110111111011111110110010010010000011111111
0000010
001100010111111010101010
011011011110010000010101100011110010010111011110
1000011011100011111101001011010111
11011001001100001010011110010
00000011011
0000010110111001011001011111010010000100
001011110011010
111001
11110110000111110000010100111111110111101100
0111101011010001111111000000000100010000110
01101001010000111101111100010
01000001111110010
001010101100100111
110100010001010100001011100010011110011100011
10001011010011111110100
10100100001111101101100110101100
11011100110000001011011001111010110010111110
10000111000101111110111101100000100000100
0010110001101010011010000110010111111111111
100100001110011000101100001000100001010001011100
0000001111010101010110110010101111100101111010
00100000010
0111111001100011110001111011010110010111
101110100
1001010000011000000110
01011010111001010101000101100100110100110
11001111010000101100011
110100010110010011101000100000100111
0110111000111011100001110000010100100111010110
010010001
1110110001000101110000100111000000000010100000
1100011110001110000000111111101110111
1100001101101111110100111111001111000110111
101110001101010010100011010001
0010000111101110111100000101001001101101000001111
01111101011011111011001
000001011111000101111
000111010001000010000011100001010
1101011110110
000001101101100
1101100011111000110101011
00001010111
001100010101111111110110101100
110010000100100101001000000111010
1010011100001111001111100110000010010010101010111
1010111110000010100101100111001100111
10100111
1001111101011101111001011010010001001
1111111111011010110
0110110111111110101010110
01101110001110111
00111010110
1101011010111010011001101111001110000011101100110
10101001101101100001001110110
001011001101111101111011011011001100
011001111001001
1011011111001101110100010000001010
100000000100
0001011100011001000001100
01100000001100110011000100100111
01100101010001111001111110100000010001100
10010001
0101001010010001110100011111100011011
1110011111111010011111001001100000011110000
00001110100100101001010111000100
1100001101111110110011001000000011111001
10111011011101100101111010010111100011110
110001100
11110010111001001110100011100001011
10110101010111
0001111000111101000110000010
1011011111100001000000
111011110111111000010000110010
011001111001001101010111
11010111001100
110011010011101010000111000100
01111100111101101000100010101011001101110100
111110011100111001000111111100000001110110110110
101000111110
0010111100110101000011011110001
01001010000000010101011100001110
11001010000111000111011111100001100010110001
110010000100100101001000000111
001110111100010
110010111100010
01100111101001111111010
010100010110101111111010110
0110110111111110101010
1001100001100011111011110000010110
0111101011010001111111000000000100010000
1011100011010100
100001111010111100100001100101110011111
111010001110000001111011111100110
0110000000110011001100010010011111101000110100
01111010101011001111011001111
1110101010010010100100110011000000000010010
1100101000011
10101000000101100110111001100
111011000100010111000010011100000000
011000011011010110100000001001
101000100000100101110001111110100111001010
10100000101111001000011100
10010110
0010000100110
1110011101110110111
100010101110110101100000011011001101100010001
0001100010101011010100001100001100000
01111110000010010111110011101111000011100111100
10010110100001111000001010111
10010110010110010101110000001
00010010
101000100110101011001
000111010001
10100110110100100001100100000000
11100110011111111101011011110
011111010110111110110010001101100010011101100
0110001011101110011101100001001110100000111110
001010001001001011110010110101101000011
001110011100011110010001111110001100010000111010
000110001010101101010000110000110
101001111100110011000110010
0111010001111001001000101010010
011000011011010110100000001001110
1010111
100001110001011111101111
0010110011011111011110
0001101101010011010001001011110111010010
1010111110000010100101100111
1101011100110010100110100
00010101010110001011101011
1111001011100100111010001110
0101000011010100101100011110010010
01101101111111101010101100111011110101110100001
0111111101000011010010111011101110011000010
110011110110000100001000010001111000010011111
0111110110110001010111000100101000100011100111
01000010011111100110001101000010111010110010
111101111010101111010010100001100101100
11100010101000111010
01010001011010111111101011010111010
111100011110010010001110
10111000110101001010001
0110001011101110011101100001001
10001010100000001010010
001110101101111110
10100110001000100101000100001001110100111110010
1011101001001001100
0010100010010010111100101101011
1000110110100010000110000110
0001100010
11111111011011010011100101100
11110111111011
0001011001110010001011110110001100010101100001
01000110010000100
001011100010
10001101101000100001100001101110000011000111111
0111110011110110100010001010101100
0111001101101111010110110100000101001111111
110011101001110011000011110011010010100000111011
001100001101110100011110000000101110111111
0110000100111100000000001110100
0101001010010001110100011111100011011010001010001
1110100001010001001000100011001100111100100111
001010101100100111011011
11101000010100
01100111101001111111010001
010010011001111011001111
1100110100111010
1000110110100010000110000
01101101111111101010101100111
11010110101110100110011011
110011110100001011000111110111011011
111111001110001101000100000111001100100111
010001001
0001001010011001101000001110100111
1111111
11101101100111101001000001100100111100111
1000101101001111111010000011
101100110001100001
0111000000010101110111110001
1110111
0110001011101110011101100001
110101101011101001100110111100111
011111100
101111111110001100111100011
111111110110110100111001
011001111001001101010111111011
11101110111
10001010
11111111011011010
110101111011101011101000100101100
01100001001
10111010100110100111011000110101011111100011001
10010110010110010101110000001110
0001100010101011010100001100001100000010110110
1011011111111
10110
00111010
111100111
0011110100011011110011100111010011111000011100010
11001100001011111111100011011010100111
01110001110111
000100100101011011110100011000100111110
11110011110100011011111110000000001101010100
010010010
011000011011010110100000
1010000010
01111010101011001111011001111011011001101100110
11010111010
011110001101100100000101110001001111010
010000100
00011011010
01101101111001000001010110
01011110001010100001110001110011110010111110111
01111000110110010000010
101110011011110011111011110110110101010
1100110
0111110110110001
0111101010100110100
000101010
100111001
110011110100001011
111100111101000110111
011111011011000101011100010
111100101001101011
01000001111110
01111011110101010110110010110100100111100111110
111001001011011001
111011110111
00010101010110001011101011110001
100111010111110011100101011100011110111
101001100010001001
10011010111100111
101011111011011100001
01111111
100010101110110101100000011011001101100
0010010
1011011111111100001010000011100111011001110000
1001001110001000111
1010000111111000000111011001100101000010
11010110010101011111001111010110
1110001110111101101001110011111010000000110111
11101110001010010101011001010
10101110111100111111011000111111001
01000110010000100110110100010
1010101001111011011000111111110111101111110100
100111000111001111101010001
01011010111001010
100001101111101111100010100100010111
10000001000100000110000001100111100101111010110
1101000101100100111010001000001001110011100111110
0001010010011110100000001010000110000110
0001011001110010001011110
01100111101001111111
11110011110100011011111110000
0111111101000011010010
1110110001000101110000100111
1101011010111010011001101111001110000011101100
101111111110001100
0010111110000001110000100011011000100
1110100001010001001000100011001100111
01000100010110101011111100011011
01011010111
1101101101111000001000010101111110100110
110101100101010111110011110101101111
011100111100001100000101111
00001111101010
01111001100010
1110111001011011010111010010010001000100001010
010000011111100101101011110110010001100
00110101011000001011010000111
011001001001010101001100101100010000100
010100001100110010000100010
111010001110000001111011111100110011011111010100
11010111001100101001101000011100000
001000011110
011000010011110000000000
00111110
011010010000111100111101010111001110010
1110101011101001100010110
00110110100011011110001001100
1110101010010010
0000001111010101010110110010101111100101111
1111101101001110101001101011010110
11111001110011100100011111
010001100000110111000111
0101010110111110011110110110100111010111101100
0010110011011
00111010110111111000110001000001111
1010100110000110111111101011110111010
10100110110101010100100100001101110000
01111100111
010111100000100010101111
0010110011011111011110110110110
1010101001100
0110000110110101101000000010011101100011100010111
111010001110000001111011111100
101000001100010010100111000011000110010
0111111101000011010
001010001010010
100010101000000010100101010011010010111001101100
0111001111000011000001011110010110100
1001011010010101000100111001011010000110100010
110100010110010
101111
101001100010001001010
11100010101000111010111110111010
01111011110101010110
10101001100111011101010011000111110001
001111010001010
101010100110010010000100001
11111111011011010011100101100001
01011100000100
11100100101101100101100
00000001011010101101001101110110010111
0110010101000111100111
011011011111111010101011001110111
10110110001
001110101101111110001
0001010111001000001101111101011001
01001001010010
10011011001010
1110100100000001010100011101010101111
1000011110101111001000011
011000001110001001000101100011000000110101011100
11111111011011010011100101100001001
10001010111011010
01110000000101011101111100010000011001010
001011100010000001000010101100011111000111
1111101011111100000000100100011010
11001100000
1110101010010
0100001011101011101011000001101100000011111010
100110101111001111010010001011110101111
110011001100001101010111111110000110111110010111
111110011100111001000111111100000001110110110
011001011011111101000111111010011010111111
01000010011001100110000101101010110000001010
101000100000100101110001111110100
0111111011100000111010
101111000110101100111110
11010001011001001110100010000
011001111001001101010111111011110
01001110010101011111100
11100000001111010111001
10100001111011011
1100111101100
11101010011011001001010110
11010110101110100
011000100110000111110010101111
10111011011101100
110011110000000110110010111
0010111000100000010000101011
010011010100
10001010111011010110
00000101101110010110010111110
00010010110110110110111110101011011
011110000000111011001111110
10100010000010010111000111111010011100
00000011011100011100100101101010111011010111010
011111100000100101111100111
100010000011101100
0101001010010001110
100101000001100000011010010100101111110111011
011001100010110110101111
000010010110
11100110011111111101011011
1100101111000100000
1100001
01010111
000001011011100101100
1000001101111110001101010010
11101001000000010101000111
1010111011110011111101100011
1100110000011001010100011001010111
0011000101011111111101101011000010110110111110
0110011110010011010101111110111101111
10100111010
0010100110111000001011011011100110
0111100011011
1101101110010011111
10010011100010001111111
1010100110000110111111101011110111
111100001110111
1110001010100011101011111011101000110111
100110011100100000101011011
100111001011000010000110101101011
01110011011011
0001100
11001111000000011011001011100111100101100
11101110001010010101011001010011010011100110001
00010010010101101111010001100
1001110000000100100101000010111110111111011
000001010010010
10100110111010000111111001011101000011100010
000001110000010111110000010
1011011111111100001010000011100111011001110000110
0111110110110001010
11101010100100101001001100110000000000100101111
000100001011101100101110011110101110000111
01100010111011
0100011101010111001010100111
000100001011101100
10100110110100100001100100000000000010111110110
0111000000000100111010100111
11011011100100111111010
010111111010011001111101110101111
00011000111101101101001011100000010011011
001010010
1110011001111111110101101111010101010
1011011111001101110100010000
001110100000110100101001101110110111111101100
110001111000111000000011
110110111
01000110001001110010011101110100
01011010111001010101000101100100110100
10000000011011100101010111111011
1010011111001100
10100010000010010111000111
11110010111001001110100011100001011100010
01110000000101011101111100010000
1010001001001100101100
110101110011001010
0101001010010
1101011110111010111010
100101000001100
111110011100111001000111111100000001110110
101000001100010010100111000011000110010001
111011011100000001101000100100000000100001010
000100001011101100101110011110101110000111010001
11101010011011001001010110011111100
1010000111010101101010111010
0110110100110100
1010011011010101010010010000110111
11101100011000011100000110101100100111101100001
0001110100010000
001010011011
10011101010000111
0001010111001
1111000111
1111011111101111111011001001001000001111
00110000110111010001111000000010111011
110011110000
0111001
11001111010000101100011111011
100011010001011011110010
0001001001010110111101000110001001111101111
101110110111
10100010000010010
100010101110110101100000
001101101000110111100010
0101000011010100101100011110010010110
0111110101101111101100100011
100011010
100000000110111
1101011100110010100110100001
011100000001010010110110100101111111011
011110101010110
11100111111110100
000100101101101101101111101010110111000100011111
10101110111100111111011
011111100000100
11010110010101011111001111010
110100010001010100001011100
00010000101110110010111001
00100000010010100100000100010010
1011110011100010100111110
110010111100010000001101011
011000001110001001000101100011000000110
10000000011
110010111100010000001101011011011010
011111011011000101011100010010
101100001000111
11010100001100010
011110011000100000
01001010010
01110000000001001110101001111110100001101010010
001000000100101001000001000100101111
1011100010
1111110000011100111000111101001101111011010111
011001111
01100011011
001110101101111
11110000111
0001011110100100101001111000110100
10100000101111
10100101001001011000000111
000001010010010101100
101000111
011100000001010010110110100101111111011000111111
01010101101111100111
000001010010010101100100000100011111011011
11001111010
0100111011000111
10001
001101010100100110000011010
11001111011000010000100001000111100
10010100000110000001101001010010
10110001011011010111011001
011110111
1110111001011011010111010010010001000100
011010011100110010011100100100011
10000011011111100011010100101110110110001101011
0111000000010101110111110
100110000110001111101111
1110011111111010011111001001100000011110000010
100110011100100000101011011101111010
1011111111
1001000011
1010000111101101110010011100000010010000010010110
000111001111111000100100010001101011101100011011
1110100111100111000110000111001110101110111001
001100010101111111110110
100000010101101100010101001000010100010
0101001010010001110100011111100011011010001
111000111011110110100111001111
111101101001111110001010
01011110001010100001110001
01010110000101100
101010
101000111110111001010101001000000001000111010001
1111001011100100111
111111000001110011100011
101010010010
101001010010010110000001110101110100
01001010000000010101011100
000110001111011011
01011111101001100111110111010111111100001110
11001000010
001101010110000
11101101110000000110100
001011010110001010101101111
0100011111011010011101001100000
11001100001011111111100011011010100111100100000
00100000001111000001111100110
01110000000101001011011010010111111101100011
010001000101101010111
001100111001001111100110100000111010001000101011
11001000010010010100100000011101011100
1100011110001110000000111111
01101101111111101010101100111011110101110100
00001110100100101001010111
101001101101001000011001
000110001111011011010
00010101110010000011011111010110011100111
010000011111100101101011110110010001100011011
10111111111000110011110001101000011111101100
110110011101001011100000100110
10001010111011
0111100000001110110011111100000
0010110011011111011110110
11100010101000111010111110111
0111000111011100010111100110010110101000100000010
0001101101010011010001001011110111010010100100111
01110111100010101000011010
10011100101100
111000111010001100001000011011111001000001011011
1111010
0011011010
1111111111011010110101001010100010000001101100
11011100110000001011011
11011010001100101000101011101100111001101010
100000010
100111110101110111
0000101011100110011010100000111100110100
1101101110010011111101000000001110110011100
11011
01111001100010000011110011010110
10001101000101101111001010010
10001100111010001101111110011111111
00111110100100101011001110000100011
11110110100111111000101000110011011110011011
10111001101111001111101111011011
010010
01101101001101000111110
11011100011011110100011111100
1110101011101001100010
000110001111011011010010
101101111111110000101000001110011101100111
01110100011110010010001010
11100010101011000000111111111110100011101011100
0111100110001000001111001101011000100000000111011
0111001111000011000001011110010110100110110
01110000000101001011011010010
11010111100100000101011000111110000
110111001100000010110110011110101100101111101111
1110011001111111110101101111010101010001010
1010000111111000000111011001
11111000111110011011111001011000000100111
0001011001110010001011110110001100010101100001110
0010110001101010011010000110010
000010010110011000011001011000110111
1101011100110010100110100001110000000010100
010000001001010101010011011101111000100111
11101111011111100001000011001000011
01100000001100
0001101101010011010001001011110111010
0100000
111001111111101001111100100110000001111
01110010001011110000111010011100100111000000111
000000010110101011010011011101100101110101010
0010100110101011011011
10011000011000111
00001010111001
10101001100
01111010101101001110001011110111
001101010110000010110
0010100010
0111011110010100100111
1011011111001101110100010000001010010001
1001110000
101000011101010110101011101001100
1100111101000010110001111101110110111010001
0001010111001000001101111101011001110011100001010
101111111110001100111100011010000111111
01110011110000110000010
0000000001001010110111111111100110110100111011
001101010100100110000011010100111
01000000100101010101001101110111
0001100010101011010100001100001100000010110
01000110010000100110110100010000100
001101101101110011011110001101110000011110010
000111000011100100110101011101110111101010111
101001100010001001010001
1001101011
111101111010101111010010100001100
0100101001001110000011100011101101111110111110
1110001110111
1111111101101101001110010110000100110010
10000010011000111
1100001101111110110011001000000011111001010
10011100101100001000011010110101111110111001
11010110101110100110011011110011100000111
11101111011111100001000011001000011000100
111101111010101111010010100001100101100111010100
011000000011001100110001001001111110100
10011100101100001
101010100110010010000100
0111011001111
10100001100101100111110000000000010111001000111
001111001110011100111
00011000101010110101000011
1001110101111100111001010
11000011011011
0010000100
101001101101001000011001000000000000
110011000001100101010
101111000110101100111
010001100111111110001100100011101001000011010110
001011000110101001101000011001011111111
0111110110
0000000001001010110111111
110011010011101010000111
111011011100000001101000100100000000100001
100001101111101111
0100011000100111001001110111010011100001
10111001101111001
11100010101000111
11101010011011001001010
01101101111111
001100000100
0101111000001000101011110110110010010000110
01111000110110010000010111000100111
0111100011011001000001011100010011110101000111
010011010101110111100100101001000011
111011000100010111000010011100000000001
10110111111000010000001111
1001011010101010111110101110001100100010
111001100111
0010100110111000001011011011100110010111011
0110011110100111111101000111000001010100001100010
11011110001001101010010110010110101101011
0101010110111110011110110110100111010
01000110010000100110110
110110011101001011100000100
01100000010100000101111111
011001010000101110000100111
0001000010111011001011100111101011
0101001010010001110100011111100011011010
1100110100111
1110011001111111
1100110000101111111110001101101010011110010
01111110000010010111110
11101101110000000110100010010
101000001100010010100111
1001101111111010100100011101010111010011010100111
10011011001010010100111110100010000010111
00110000110111
10010111101000110011111000000111001011010100
1000000010110011000100001011101110110100100111110
1001100001100011111011110000
01111010101001101000010000010000010001100100111
011100111100
01011110000010001
11010100010101001110000011011001010100110100010
011111011011000101011100
0011101111010001110
00100000001111000001111100
0011011010001
0000001111010
110100010001
10001100111010
0100000111111001011010111
0010100110111000001011011011100110010
00100111010010
11101000110101001010010100011011
000111101110110101010011101101110010111
110010111100010000001101011011011010110
110010101000001110110100
000001011011100
101111001100110011110111
111001110
01101101001101000111
010000100110011001100001011
110101111001000001010110001
00101001010101010001010111111000000101011010100
101001100010
1110011111
0001010111
10100110110100100001100100000000000010111
01111011110101010110110010110
10110110
011000100100100011111
10111100111000101001111101010001
1001110010110000100001101011010111111
01100101010001111001111110100000010001100001
0101000011010100101100
011110000000111011001111
10001101101000100001100001101110000011
01110010001011110000111010
011111100000100101111100111011110000111001
10101111101101110000111100001
11101010100100101001001100110
11111010111
0111111101000011
11101100
00010101010110001011101011110001100111
00010111000110010000011000000110
01000010111010111010110000
0000001010111
11011100011011110
0010110011011111011110110110110011001010
11001100000110
000111011000010101110001010110101011
0110010110111111010001
101000001100
111011000100010111000010011100000000001010
1000110011101000110111111001111
1010011000100010010100010000
00011110111
00011110111011010101001110110111001
01000110010
01111001100010000011110011010110001
1001011001011001010111000000111000011
010111100000100010101111011011001
011111101110000011101010110110110101010010111
1100110010000101010100
0101111
11110010
1011011100
100000010001000001100
001000011110111011110
01111111001
1000011100010
0001011001110010001011110110
1010001111101110010101010
10000000010001010111100101111
01101011
0110000011100010010001
000110001100100101111
111100101110010011101000111000010111000101111
111010001101010010100101000110110000101001101011
100101111010001100111
1001010000011000000
00011000111101101101001011100
100000000100010101111001011110101110111100000
0111000000010100
11011100110000001011011001111010110010111
0001100011001001011111101001101100100100011
10000110111110
01111011110101010110110010110100100111100111
00110111110000000111000100
101010000001011001101110011000000
00111001
11010110101110100110011011110
1101011
101001111100100001011
11101010011011001001
0010100110111000001011011011100110010111011001
10000000010001010111100101111010
01100
00101000101010101100110011010010001000000000
11001100001011111111100011011010
01010101011001010010111000001011
01100101010001111001111110100
1000011100010111111011110110000010000010010011011
01001010010011100000111
11001111000000011
101010111001010010
0000010111110001011110101110010110111011100011
100101000001100000011010010100101111
00101001101110000010110
00110110100011011110001001100010
01100010011000011111
101111001110001
1010100000
111010100110110010010101100111
01100000010100000101111111001010001110
11001111
0011111101000111011011
10000111000101111
1111101101001110101001101011010
11100000010111
10000011010111011100001101110001110111000010111
1100
0111110101101111101100100011011000100111
100001101111101111100010100100010111110000110111
00001111101010000011100001
0110001011101110011101100001001110
10101010011001001000010000111011100110010101100
00011110001111010001100000101111
1010000111101101110010
000000110111000111
011011011111111010
10110100011000100110100100010
001110111
010001110111000011000010010010100010000100
000101111010010
1111100011111
111100110101111101011
001101101000110111
111001100111111111010110111101010
000010101110011001101010000011110011010000010100
10110100011000100110100100010011101011100
11001010000111000111011111100
111011011
100111000111001111101010001011011
011111110100001101001011101110111
1001100001100011111011110000010
110111110010000111010100100111
111100111101000110111111100000000
11010110010101011111001111010110111111100100111
10110111110011011101000100000010100100011111
10010110100101010001001110010110
100010101000000010100101010011010010111
010010100000000101010
1101100011
110001111000111000000011111110111
0110011110010011010
0101010001
101110110111011001011110100101111000111100111
11000110000011110001010110
01000100011001
100111110
01111000000011101100111111000001010001
0010101011001001110110111010010010101100
010010001010
01000111011100001100001001001010001000010001100
1110000001011110010100111100110010010110111011110
0100000111111001011010111101100
00011000111101101101001011100000010011011010
1001110101000011110110111111
01001010010011100000111000111011011
1110111001011011010111010010010
111010
010001100100001001101101000100001000100001011
111100011110010010001110101100000011101001111
11100001010011011001010
1010011011010010
010100010110
10000111000101111110111101100000100
11001101001110101000011100010001011100010
0101001010010001110100011111100011011010001010
001111101001001010110011100001
00010100100111101000000010100001100001101010110
10000001000100000110000001100111
01110000
000001010010010101100100000100011111
10110111111111000010100000111001110110
10110011000110000101100
01100101000010111000010011101000111101000111001
0110011110100111111101000111000001010
0100001011
100110000110001111101111000001011010010
110000110111
01110000000101011
00011000101010
1101110001101111010001111110010110001100
1010011011010010000110010000
011000110110101111
101101100010011110100110011100001111101011111010
000001010010
0101011101100
011001010
00101000100100101111
011110000000111
01101101001101000111110110
1110111000101001010
0100101001001110000011100011
0111010001
101001101101001000011
100111101011100
0000011011011001100000
11001111000000011011001011100111100
1000011110100101101110010110100100000011001010
0111001111000011000001011110010110100110
11101101100111101001000001100100111
101000011110110111001001110000001
0001011110100100101001111000110100110111001000111
01111010101011001111011001111011011001101100
00010000101110110010111
101010100110010010000100001110
11101100010001
10011110101110010000111
00011010001111010110101110010111101011100
011111110100001101001011101110111001100001000011
0111111000001001011111001110111
01011110000010
011100110110111101011011010000010100111
01100100100101010
1111101010
010001100111111110001100100011101001000011010
00101001101110000010110110
10110111110011011
001100
1100011000001111000101011000001010011000111
00101000000011001111001001001
0110001101111010000111
1010000111101101110010011100000010010000010
011101000111100100100010101001010111100010
1110011001111111001110100010
10001100001010100100111110001000001101001111010
10010011100010001111111001000111110010010010001
111011011100000001101000100100000
111
100000110101110111000011011100
0100100000111001010010110011100000111010
11101100010001011100001001110000
10000000010001010111100101111010111011110
11001010000111000111
0100011101010111001010
111001111111101001111
11001000010010010
11001010000111000111011111100001100010110
11100111011101101110110100101111111001
1011100001000100010100000110011100
1011001100011000010110011100
0010100010101010110011001101001000100000
1111110000011100111
0011111010010010101100
110101110101100101100001110111110011100001101010
11110011100001100110000001100101101111101011100
000100101001100110100000111
01100010
0001010111001000001101111101011001110
011011010011010001111101101011010100
000001110000
000000110111000111001
11010100010
0000000010111010010000111010010
10100110001000100101000100001001110100111110
101000001100010010
10000110111110111110001010010001011111000011
1010101110010100101010100100111
10010110100101010001
110010001011000010000110010011001100111
10100111110011001100011001001011110000111011
0101001011000001111100000101011000111
010010101011011001100010
0011101111010001110001011011100000111
10101110111100111111011000111111001010
010001010001
11011011100100111111010000000011101100
010000100110
0101000011001100100001000101011111101110000010010
000110001010101101010000110000
101001111100100001011000000110111111001111
11101100010
1010010000111110110110011010110000011110
0111101010000011011100000110001111000000111010
100111001011000010000
0111100110001000001111
0011111101000111
10
000010101110011001101010000011
00010101110010000
00011011010100110100
110010111100010000001101011011011010110010
0010110
01010010
000101011100100000110111110101100111001110000
00011011010100110100010
1010000111101101110010011100000010010000010010
100010101110110101100000011011
1010011011
0011000001001111010101100
11101010011011001
011111011011000101011100010010100010001
01011110001010100001110001110
10110111001110101011
01000110010000100110
0111111100100111101110000110011100011010010101010
0010000000111100000111110011000000111
1100110011010001100100010
110110110111100000
0000010100100101011001000001000111110110110000010
1110001011011110011100011011000011010
1100100010110110011011100100111
11101110001010010101011001010011010011100
01111011110101010110110
0110000011
0001011110100100101001111000110100110
1001011001011001010111000000111000011110
001110101101111110001100010000011110111
101101000111
1101000111110010101101011110010001
01111000000011101100
10011101010000111101101111110111
0100101001001110000011100011101101111110111
010
0001011001110010001011
01100101101111110100011111101001101011
0010
0111
0001100101011001110100111
11001010
101100110001100001011001110000101101010011010111
01100010010010001111100000001000010011010000100
010000100110011001100001011010101100
111010100110110010010101100111111000000
1001111101011101111001011010010
100001101111101111100010100100010111110
01100001001111000000000011101001100111100111
110011110000000110110010111001
010010100100111
011010111001100001110110110100111
0101010010
11101010100100101001001100
11110110100111111000101000110011011110
1111001110000110011000000110010110
1111000011101110010010101010111011101000111100
01111101010010011000110111100111110
1010011111001100110001
110011010011101010000111000100010
0111000000010101110111110001000001100
000111101110110101010011101101110010111011001111
10101001100001
11101101110000000110100010
1110011110101101100100110100010001000100
00101000000011001111001
1000110100010110111100101001011110100001111100
1101011110110010011011101011100
100011011010001000011
01011111101001100111110111010111111100001
0001100010101011010100001100001100000010
0011011
1110110111000000011010001001000000001000010101111
011000001110001001000101100
110110111001001111110100000
110101110101100101100001110111110
0010100110101011011011100111011001011011
01000001111
000110010101100111
10101110111100111111011000111111
00100001001101000111010
1100100001001001010010
00010101010110001011101011110001100111110
011000010011110000000000111010011001111001110111
000001101101100110
0100001011101011101011000001101100000011111010001
0100100000111001010010110011100000111010110
0010100110101011
0111000000010101110111
101101100010011110100110011100001111
101101100010011110100
00111100111
110110111001
101001110100000
000000010001010110
0000011011011001100000110
111110011100111001000111111100000001110
010010100100111000001110001110110111111
01100001001111000000
100101111010001100111110
100110110010100101001111101000100000101111101111
10100110001000100101000100001001110100111
0001110011111
11101010011011
1001101011110011110100100010111
100000100110001111111
10110110001001111010011001110000
0100001001100110011000010110101011000000
11010100010101001010001100
0111100110001000001111001101011000100000000
0000001101110001110010010110101011
010011101100011110101000100101111
0000010100100101011001000001000111110110110000
0010100110101011011011100111
0100101001001110000
1110101010010010100100110011000000000010
1110001010100
0110100111001100100111
10010110100001111000001010111111000111010110001
011110101010
01010010100100011101000111
1011011000100111101001100111000011111010
111110
0101001010010001
10000000101100110001000010111
011101000111100100100010101001010111
100000000110111001010101111110110110110111
01001001000111111011011001011001010010
00101001101110000010
1101110001001000011010011011
10100111110
01111010101101001110001011110111010110110111011
010100101011101000110100010010110010010001
1001011010010
0001010101011000101110101111000110011111001100010
0111101010110100111000101111
10110110010101000010010100100100111
0000111
10100010000010010111000111111010011100101000011
10100010
0111001111000011000001011110010110100110110001
01001010000110111110011000010100
0111110
010010100000000101010111000011101001101011
10101001100001101111111
10011111010111011110010110
1101000101100100111010001000001001110011100111
011111110100001101001011101110111001
101010011011
10101111101101110000111100001111010110111110001
11100111111110100111110010
000111
11011001001
01101001000011110011110101011100111001010110100
00110101011
