
010001010
010010010010
001001
0100100101
00101010
0100100101001
0010101
01001001001
00101000100100101
01001000101
010001
0100010101
0100010101000101
00101001010
001010101010
01010001001
01000101010001
010010101
01001010101
0010100101010101000101
01000101010001010
0100100101001010
0010100101
0100101
001010001010
00100100101
01001001010010101
001001001
00101
001010001
00101000101
010100101
01001000101001
0101010
00101000101010
01000101010
01001010
010010001
01010
001010010101010100010101
00101000101001
001010101
010001001
0100010101000101001
001010
010101
010010010
0010100010100101
01000101
0101001001
001010001010010
01001001010010
01001001010
0010101010
00101001010101
001010010
010100101001
0101001010010
001010010101
01001010010
010010010100101
01001010001
01010101
01010001
0101001010
01000100101
010010
0010100101010101
01
01001
01001001010001001
0010101010101
0101
001
00101010101
010101001
0101001
01000101001
01001001010001
001001010
0101010001
010010001010
00101001
01001001
010101001001
00100101
010001010001
01010010
010
0010101001
0101010010
0101001010010001
