110100101100101111001000001000110
0100101001001001001110111010
001000010011010001110100000
0110100101000011110111110001
01000100111101110
001100010111111010101010001111
1010111110110
001000010011010001110100
1010000111010101101010111010011
10010110100101010001001110010
101110100100100110000100011111101
100000001011001100010000101110
0100010011110111011010001101
11110001111001001000111010110000001110
0001100101011001110100111011011101001010
1011010101011101100
100111101011100100001111100000
00010000110101110101001111001010
011110101010011010000100
0001110100010
011000110110101111101001111
1011010101011101100010010100111
101011111011
010001111101101001110100
11111010111111000000001
010001010
01111010101011001111011
0001011001110010001011110110001100010101
0101000011010100101100011
0110001101011011100001100011011111000100010011110
0101000011001100100001000101011111101110000
10011110101110010000111110
011001001001010101001100101100
0101101001110111111101101111101101010
1010011101000001111001000001110001
00101110001000000100001010110001111100
011110100001101001010111110001111010001010111
100110101111001111010010001011
1010100000010110011011100110000
0000000111100111101101010001
001111001110011100111000001011100
0100111001010101111
10000100010110110010000101101010101010110111011
101011111000001010010110011100110011
01111010101101001110001011
00010010110110110110111110101
1101011110111010111010001001
101001101011000
0010000111101110111
00011101000100001000001110000101000
010010101011011001100010101101110
100110111111101010010
101100001000111100111
101010000001011001101110011000000011110000
1010011011000100100110101001
00101111100000011100001000110110001
0010100000001
111110110100111010100110101101
10110101010111011000100101001
00011001010110011101001110
1010000010111100100001
10110111111111000010100000111
011001010111
101110001001010100101001101
1000011100111101110000011100010001000010
00111011110001011100010110010
1010100000010110011011100110000000
000000101011100111111011000
110111000110111101000111
100001101110001111110100101
1010001101010110100000110110101001111
0001110100010000100000111000010100011000
10000110111110111110001010010001
1100110000011001010100011001010111100010101111110
0000011010011110101
010100101100000111110000010101100011101001110110
100011000010101001001111100010000011010011110100
10011110101110
0010110101100010101011011111001
1001110101000011110110111111011111101010110010101
100011011100010010010001000111100111
0001110000111001001101010111011101111010101111
011010010000111100111101010111
111111110001110110010110000001101101
1010010000111110110110011010110000011
100011111001101110
00100001111011101
0010001101101011000111001001001010010101100011101
10110101010111011
00000101111100010
000100100101011011110100
1011100110111
01000100001100110010100110100101101001100010100
0110110111100100000101011000111100
0100001001111110011000110100001011101011001000
01101101011010110010010100000111000111
01011111101001100111110111010
01100011010110111000011000110111110001000100
10001000001110
11011100011011110100011111100101100
111101101001111110001010001100
110101110101100
1000000001000101011110010
001101111100000001110001001100
010100010110101111111010110101110100011
111100101001101
10000000101
1000101
1101011110010000010101100011111
00111010000011010010100110111011011111
1100100010110110011011100
10100110110101010100100100001101
11011111001000011101010
0111100000001110110011111100000101000100110111
000101110001100100000110000
00011000111010111
100000001011001100010000101110111011010
000001101001111010110110101011010
01011001100100010101011000101
1011010101011101100010010
01001010101101100110001
111110101011100011101010101
11010111010110010110000111011111001110000110101
1111001010011010110
00011010001111010110101110010111101011100111001
0100100100011111101101100101100101001000
1000000010110011000100001011101110110100100111
01100000001000101
01110011011011110101
100000001011001100010000101110111011010010011111
00101010
1000100000111011
10100001111110000001110110011001010000101010100
10011100101100001000011010110101111110111
110011000010111111111000110110101001111001000
1001011001011001010
001000110000011011001001011110101
100011000101011000000101
010101110110
1001111010111001000011111000001110010
0011011011011111001101100010001101100110100010111
00010010100110011010000011101001110
010000100111111001100011010000101110101100100000
01111011110101010110110010110100100111
0000011010011110101101101010110100
0011000101111110101010100
100001111010010110111001011010010000001100101
101010100111
010101011011111001
111110110100111010100110101101011011100001100001
101011111011011100001111000011110101101111100010
1100011000101110100111001
1000010101100111100110001110110000100011101111111
100101100101100101
01111010101
110010001011011001101110010011100101101
001011110011010100001101111000101111101011001000
0110110111111110101010110011101111010
111110010110101010001001101100101000101011111
01000100111101110110
101111000110101100111110000000110100010010100
10000000101100110001000010111011101101
11110110100111111000101000110011
000011110010100010110011110
0100011111011010011101001100
010101110
0101111110100110011111011101011
1110100010010110011111001000101101010010001
10110111001110101
000011111010100000
00110111110000000111000100110010110000010
00010010010101101111010001100010011111011110
011000100110000111110010101
1000110110100010
10000111001111011100000111000100
101111111110001100111100011010000111111011000000
0010101
00000010101110011
01111110111000001110101011011011010101001011111
10111001101111001111101111011
1001011010101010111110101110001100100010011111111
1010010000111110110110011010110000011110100001
0010000100110100011101
00111110100100101011
1010001001101010110010101110010000101
10100110111010000111
11000110001011101001110010
111100101001101011011
1000000011110010110100000000101
1000100000111011000
10001110100
011100011101110001011110011001011010100
1111001101011111010110010110111110000
1010001
10001000001110110001011110001
1001011110100011001111100000011100101
1110111010
00101101011000101010
01010101101111
001110111101000111000101
11110111101010111
0100011000001101110001110
1101000100010101000010111000100111
1110001110100011000010000110111110010000010110
00010111000110010000011
0001001010011001101000001
01000001011111000110101110010010110100110111
1110001010101100000011111111111010001110101110
000011110010100010110
0100011101010111001010100111110
10001000001110110001011110001010111001111001010
11111001011010101
101101100101010000100101
11100111101011011001001101000100010001
001010000000110011110010010010
10100011010101101000001101101010011110
010010101011011001100010101101110100001
101010100111101101100011111111011110111111010
101111001110001010011111
00000000101110100
011111010100100110001101111001111101011011001
0001001001010110111101
0101110000010
111100110101111101
1101011010111010011001101111001110000
111110110100111010100110101101011011100001
1001001110001000111111100100011111001001001000111
11010001000101010000101110
100001101110001
00000101101110010110010111
10100100001111101101100110101100000111101000010
001111101001001010110011100001000
0101010110
11000011100001010101101010111010011011111
01000111010101110010101001111100
0011000011011101000111100000001011101111111010111
000111010001000
001011100011010111110111010100
1110101
001010101100
001000110000011011001001011110101110110
0100010011110100
00000001111001111011010100010110
00111100111001110011100000101
01010101101111100111101101101001110101111
010101010110010100101110000010
0111110001110101111000011
0011101111000101110001011001
0110001101101011111010011
111010011110011100011000011100111010111011
110101000101010010100
1110111010011110
1011000101101101011101
0110100101000011110111110001000100000111000010001
01111010110100011111110000000001000100001100
101110100100100110000100011111101001111
00110000010011110101011000011001101011001101
100111110101110111100101101001000100100
001010010101010100
11110110100111111000101000110011011110011
1110100111100111000110000111001110101
11010001000101010000101
01001010010010010011101110100011010000100
01000110000011011100011101000110001
100010101000000010100101010011010010111001
0101001010010001110100011111100
101001010010010110000001110101110100100010000111
11001100100001010101000101111001001001001010110
1101011110010000010101100011111000
011000110101101110000110001101111100010001001111
101001000011111011011001101011
1000100000111
1001111101011101
10100011010101101000001101101010011110000
101000100110101011001010111001000010111
101000001011110
11001010100
0010000100110100011101000
1111001011100100111010
00000011110101010
0010100010010010111100101101
0100110101011
101101110011101010110
11010111101100100110111010111
10100110110001001001101
111000111010001100
01110011011011110101101101
1000000100010000011000000110011110010111
1000110000101010010
10101001101101100001001
1110100011100
011000110111101000011100110101000010011101
111010001
0111011110010100100111100110010
10000000010001010111
0001011100011001000001100000011
1010001001001
100111110101110111100101101001000
1000000010110011000100001011101110110100
1010111110
001011001101111101111011011011001100101011100
10011101011111001110010101110001111011101101001
1111100101101010100
0110010010010101010011001011
1001110101111100111001010111000111101110
00101001101
10100001110101011010101110100110
11001000101100001000011
00110101010010011000001101
101001101110100001
01111101010010011000110111100111
011110010001010
100011111011001
100111010111110011100101011
01001010101101100110001010110111010000111000
0111100100010100010111011100101011110101000010101
1100011001110100110010000111001110001101000001
011011100011101110
11010111101110101110100
0100101000011011111001100001010011101110100101101
111000111010001100001000011011111001000001
01000111011100
00111101000101010111011011000000110010100
000000000001001100000101
1010101110010100101010100100111000100000101011
1011110011100010100111
101001101100010010011010
1011100011010100101000110100010111110101
0001110110000101011
10100011010101101000001101101010011
011001001001010101001
0110010010010101010011001
101000100110
0001100101011001
010101100001011000
0010111100110101000011011110001011111010110010000
0000000100010101100
0110100100001111001111010101110011100101011010
101101010101110110001001
0011011111000000011100010011
010000010111
1110000101001101100101
000101110001100100000110
1000010101100111100110001110110000100011101
01100110001011011010111
10111000100101010010100110111101011101000100010
11001000101101100110111001001110010110111
110010001011011001101110010011100
01101101010110101010100010010101101010
0001110100010000100000111000010100011000000100001
111010001110
0010110001101010011
01000100111101000110
0011111010010010101100111000010
111111111101101011010100101010001000000110
11111111000111011001011000000110110111
110010001011011001101110010011100101101110
10011010111100111101001000101111
00011011010100110100010010
01111010000110100101011111000111101000101011111
110111110001000001
111010100110110010010101100111111000000010
11010100001100010101101
1110100011100000
100001000101101100100001011010101010101101110
0100011000100111001001110111010
101111000110101
100010101000000010100101010
01100000010100000101111
10000111001111011100000111000100010000100
0001100101011001110100111011011
10100110101100011
00001111101010000
0100011000100111001001110111010011100001011110011
00110001010111111111
00000000101110100100001110100101001
001110111100010111000101
1010001101010110100000110110101001111000011011110
000000111101010101011011001
001101010100
00101000111
1010100110110110000100111
1001011010010101000100
10011110101110010000111110000011
001011000110101
01111101010
1110111010011
111100110101111101011001011011111
001001110100101110111110100
0010111100110101000011011110001011111010110010
011100011001110011101110100110010111001101001101
00011101000100001000001110000101000110000
1100110011000011010101111111
10100010010011001011000101100101100111111110101
00011101000100001000001110000101000110
11110110000111110000010100111111110
11001100011011111011011110101
0001001010011001101000001110
0100000101111100011
1101110011000000101101100111101011001011111011110
01011010110100101111001010111011
00111011110100011100010110111000001111010100
000110110101001101000100101111
1011010001100010011010010001001110101
01000111011100001100
11110110100111111000101000110011011
0101000011010100101100011110
0110110101101011001001010000011100011100
11101010
10011101010000111101
001111101001001010
10100110110100100001100100000000000010111110
00100011000001101100100101111010111011
0011011011011100110111100011011100000111
001000011101011000101110101
100011000010101001001111
1110100011100000011110
10110101010111011000100101001110
11001100000110010101000110
01000111110110100111010011
11010111101110101110100010010110
010000010111110
101001101110100001111110010
00010010010101101111010001100010011111
1010001111101110010
1101101000110010100
0001100011110110110100101110000001001101101010111
01101101111001000001010110001111
011100111100001100000101111001
011111100101101001001000010101
001011100011010111110111010100101000010001
01111110011000111100011110110101100101110
111101101001111110001010001100110111100
0100000111111111101000001111110101101101011111
010100001101010010110001111
1001011001011001010111000000111
00101100011010100
0100011000001101110001110100011000100100000111101
1001111101011101111001
1111101011100
00100011000001101100100101111010111011001001
1100110000101111111110001
0111100011011001000001011100
01111001000101000
010111000001000101101101101
00101101011000101010110111110010
001000010011010001110100000111001
0110100100001111001111010101110011
100101101010101011111010111000110010001001111
1111011010011111100010100011001101111001101111
1010111110000010100101
1001011001011001010111000000111000
111110001111100110111
10001101110001001001000100011110011110001100010
011101111000101010000110100010100010010010101010
00000001000101011000
00101111001101010000110111100010111110101
1100110000011001010100
100000001011001
010001100000110111000111010001100010
10111000110101001010001101000101111101010
101110000100010001010000011001
0110010010010101
101101010101110110
10100001110101011010101110100
11001000101101100110111001001
0010110101100010101011
10000011010111011100001101110
10101001101101100
00110001011111101010101000111111110
0101011000010110000
011100000000010011101010011111101000011010
111000101010110000001111111111101000111010111
0110100100001111001111010101110
11100011101111011010011
011110101010110011110110011110110110011011
01110111100101001001
1011100110111100111110
01101101010110101010100010
00100100001010100
1101001011001011110010000010001100
0111000111011100010111100110010110101000
00010010010101101111010001100010011111011
01100101101111110100011111
1111011111101111111011001001001000001111111
0000000000001101000001101100001000100110101
1001100111001000001010110111011110100010000000010
000101010101100010
10101011
0110111000111011100
10101001001
11001100000110010101000110010101111000101011
01101000000110000000101
11101000100101100111110010001
111101101001111110001010001100110111100110111111
010100101100000111110000010
0110001001001000111110000000100
0011000001001111010101100001100
00010100100111101000000010100001100001101
1111011110101011110100101
1101010001010100111000001
1111011010011111100010100
011100100010111100001110100111001
111110110100111010100110101101011
00011100001110010011010101110111011110101
011011010101101010101000100
011101111111101011111010001011100010001101001101
1000001101011101110000110111
01010000110101001
000000010001010
000111010001000010000011100001010001100000
00110000010011110101
010101011011111001111011011010011101011
1000001001100011111
111110101111110000000010010001101
001010000000110011110010010010100000110001
101101100010011110100110
110011001000010101010001011110010010010010101100
1011100110111100111
10011010111
1010100110000110111111101011110111010011011
110011001100001101010111
001010100110100100
1100011000101110100
101111111110001100111100011010
10001000001
0001011100011001
1111011000011111000001010011111111011
011110101101000111111100000000010001
001000110110101
001011111000000111000010001
110101111011101011101
0010100000001100111
0100001001111110011000110100001011101011001000000
001001001101000111111000100011111010001
1010011010110
0111110101
1110100011100000011110111111
01011010110100101111001010111
0110011000101101101011111
0100110101001010101011010000101010
0010111000100000
11110011010111110101100101101111100
0101000011001100100001000101011111101110
1001101111111010
11001100000110010101000110010101111000101
10101000000101100110111001100000001111
01001010101
10010000111001100010110000100
1101000100010101000010111000100111100111000110
011100011101110
010011010101110111100100101
1001011010010101000100111001011
11100011101000110000
101010000001011001101110011
000011111010100000111000010
11001000010010010100100000011101011100110
111110110100111010100110
11111001011010101000100110110010100010101
01010010101111100010011001001000011000010010001
00010111000110010000011000
001100010101111111
10100011010101101000001101101010
010100010
1111100101101010100010011011001010001010111110
10100011111
11111100000111001110001111010011011110110101
0110100100001111001111010101
100001111010111
101001101
10100101001001011000000111010111
00000001000101011
10001111101
0010000100110100011101000001110010
1001111010111001000011111
0011101000001101001010011011
101001101011
00100001001101000111010000
1110100101010001100101
11110110000111110000010100111111
011111100101101001001000010101111000111011011101
10111010
0110010101
0011101000001
01100011011010111110100111100111111
01010010110000011111000001010110001110100111
1000110001010110000001010
011101111000101010000110100
0111101010101100111101100111101101100
010001111101101001110100110
000011010010010111101000100001001000101
0101001010111010001
000111000011100100110101011
1100110000011001010100011001010111100010101111
00000010101110011111101100
0111000111011100
010010100100100100111011101
1010011101000001111001000001110001110
1111001111010001101111111000000000110101010
0000001010111001111110110
00101000000101010000100100011001000011011001
11001000101
00010111000110010000011000000
0101000011001100100001000101011111101
01110111100101001001111001100100
010101100001
1111001110000110011000000110010110111110101110
100101100101100101011100000011100
01010010110000011111000001010110001
110010001011011001101110
00100111010010111011111010
10100010010011001011
111111110001110110010110000001
10101000000101100110111001100000
10101001101101100001001110
10001111100110111
0010110001101010011010000110010111111
0001011100011001000001100000011001010000101
101000110101011010000011011010100
1001011010000111100000101011111100
101101111100110111010001
1110111001011011010111010010010001000100001
1010011011101000011111
1010011011010101010010010000110111000010010
000100101001100110100000111010011100
10101111101101110000111
10111111111000110011110001101000011
00011100001110010011010101110111011110101011
111100110101111101011001011011111000
0100010011110100011
1110001110111101101001110011111
00010010100110011010000011101001
000100100101011011110100011000100111
001100010101111111110
0111101010101100111101100111101101100110110
1001110101000011110110111111011111
011110101010110011110110011110
10011111010111011110010
101010000001011001101
011110010001010001011101110010101
0100011101010111001010100111110011
01101101001101000111110110101101
000100001011101100101110011110101110000111010
1010111110110111000011110000111101011011111000100
0011000101011111
0000001010111001111110
10011011111110101001
10000111001111011100000111000100010000100110
00100001001101000111010000011100101110001001010
111010001110000001111011111100110011011
0111101010101100
1110001010101100000011111111111010001110101
10100100011101100010110010010001001000101110
10011111010111011110010110100100
1110011110101
00110001010111
11010111010110
00101010110
101010011011011000010011101100
0111001000101111000011101
000101110001100100000
010010100010011000110001011010000000100
0011000101111110101010100011
1011101001001001100001000111111010011110
010001110101011100101
001010001
101101000110001001101001000100111010111000
010001000110011001
100001110011110111000001110001000
01010000110011001000010001010111111011100000
11101000111
1111011010011111100010100011
10111000100101010010100110111
00001111001010001011
11110111101010111101001010000110
010100001101010010110001111001001011
1100011110001110000000111111101
111000111010
0100010001
101110011011110011111011
11010111100100000101011000111110
1101011101011
11111000111110011011111
1000111110011011100
0100101000100110001
01010010110000011111000001010110001110
0011110011100111001110000010111000010100111001101
11010001000101010000101110001001
111110010110101010
10111001101
01001010001001100011000101101000000010
0100110101001010101011010000101010100011011111011
001110000000110000110010001011
11010010110010111100100000100
0100010001011
1010001101010110100000110110101001111000011011
011011010110101100100101000001110001
1111001110000110011000000110010110111110101
011001100010110110101
00101111001101010000110111100010111110101100100
101110011011110011111
0101001010111110001001100100100001100001001000111
00011001010110011101001110110
0011101000001101001010011
11110001111001001000111010110000001110100111
0111101010101100111101100
00111100111001110011100000101110
0110100101000011110111110001000
1010100110110110000
11001000101101100110111001001110
1001101111111010100100011101010111010011010
1001011001011001010111000000111000011110011
0000010110111001011001011111010010000100100
0101000101101011111110101101011101
010011100101010111111
11110110000111110000010100
110001111000111000000011111110111011
1111011000011111000001010
00000001111001111011010100010
101011101111001111110110001111110010101101010
00101100011010100110100001
100011001110100011011111100
111101111010101
10101000
01111010101011
01100101010001111001111110100000010001100001001
101000001
11010111101110101110100010010110010000001
011111010100100110001101
1101110011000000101101100111101011001011111011
110011001101000110010001
111000101
00000001000101
01000001011111
101000100000
011101111111101011111010001
0111000111011100010111100110010110101
000101110001
0111011111111010111110100010
101110000100010001010000011001110
10100110111010000111111001
0010101001101001001111
0111111011100000111010101101
010001001111010001101000000001
1001011010101
1010100
1010010000111110110110011010
111110110100111010100110101101011011
110101111011001001101110101
01010101011001010010111000001
11101100011000011100000110101100100111101
00101101011000101010110
101000110101011010000011011010100111100001101111
00111010000011010010100110
00110000110111010001111000000010111011111110101
11001100100001010101000101111001001001001010
0100010000110011001010011010010110100110001010
1010001101010110100000110110101001111000
100100111000100011111
001010100110
100101100101100101011
101100010110110101110110010
01000111110110100111010011000
01001101010010101010110100001010101000110111
010010100001101111100110000101001110111010
01111101010010011000110111100111110101101100100
101010000
0101010
01100111010001010100101000
01111010101011001111011001111011011
011001011011111101000111
11111011010011101010
0000001010111001111
100001010110011110011000111011000010001110111
0110010010010101010011001011000100001000000
000011101001001010010101110001000001100101
1110111001011011010111010010010001
0100110101011101111001001010010000111
0000000010111010010000111
0111101000011010010101111100011110100010101111111
1010010100100101100000011101011101001000100001110
10100110101100
00110111110000000111000100110
0100101000011011111001100001010011101110100
00111110100100101011001110000100011111001001111
001001000010101000
01100001101101011010000000100111011000111000101
01111001000101000101110111001010111
00010000110101110101001111001010001001
0111001000101111000011101001110010
00101110001
1101010001010100101
1100110000101111111110001101101010011110010000000
010100010110101111111010110101110100
110101111001000001010110001111100
1000011011100011111
1001000011100110001011000010
1001110001110011111010100010110110
1100101010000011101101
1011100010010101001010011011110101110100010001011
1010011011010101010010010000110111000
010000010111110001101011100100101101001101
10001011010011111110100000
01001010010010010011101110100011
1101011001010
11001100110000110101011111
1001110101111100111001010111000111101110110
10101001001010001100010
0000000000010011000001010
111101100001111100000101001111111101111011000
0000111100101000101100111100
011100011101110001011110011001011010100010000001
0010000100110100011101000001110010111000100101
0010110011011111011110110110110011001010111000000
0101010110111110011110110110100111010111101100110
001010000001010100001001000110010000110110010
000001011011100101100101
010110101110010101010
0010101011001001
000011110010100010
000101110001100100000110000001100
00000110100111101011011010101101000
10110101010111011000100101001110111001
1010100000010110011011100110000000111100000
00101100011010100110100001100101111
0000011100000101111100000101011000110101010100
01101001000011110011110101011100111001
1101000100010101000010111
1101111100100001110101001001
1101000100010101000010111000100111100111
11010001000101010000101110001001111001110
00011000101010110
001000010011010001110100000111001011
01100111010001010100101
0011010111111101101011100010000010110111101
101110100100100
011001110100010
1000010001011011001000010110101010101011011101111
1100110010000101010100010111100100100100101011000
11110011010111110101100
0010100000010101000010010001100100001101
001100010111111010101010
0101111110100110011111011101
010111000001
11110011010111110101100101101
001110100000110100101001101110110111
010111000001000101101
00111010000011010010100110111011011111110110
10000001010110110001010
1101000101
110100010001010100001011100010011110011100
00110001011111101010101
11110110000111110000010100111111110111101100
11001100100001010101
0111101011010001111111000000000100010000110
01101001010000111101111100010
100000010101101100010101001
001010101100100111
110100010001010100001011100010011110011100011
1110100011010100101001010001101100001010011010
10001011010011111110100
10100100001111101101100110101100
11011100110000001011011001111010110010111110
0010110001101010011010000110010111111111111
01010010110000011111000001010110001110100111011
0111111001100011110001111011010110010111
101110100
01110001110111000101111001100101101010
11101000111000000
100000001011001100010000101
0110001101111010000111001101010000100111011001
0001000011010111010100111100101000
00010000110101
11101000111000000111101111110011
110000111000010101011010101110100110111
011000000010001010110011
010010101011011001100010101101110100001110
000001011111000101111
01000001011111000
000111010001000010000011100001010
1111101011111100000000100
100110101
001111010001010101110110110000001100101000
0001101000111101011010111001011110101110011100111
01100100100101010100110010110
010010101011011001100010101101110100001110000011
00001010111
1011101010011010011101100011010
1101010001010100101000
100111101011100100001
100011101
1011101010011010011101100011010101111110001
1001111101011101111001011010010001001
00101010000
1111111100011101100101100000011011011111
0001101000111101011010111001011110101110
101010000001011001101110011000000011
1110001010
0111101111010101
0110110111111110101010110
0100011000001101110001110100011000100
1111101010111000111010101010
11110001111001001000111010110000001110100111110
01101110001110111
111101100001111100000101001111111101111
010100001101010010
10101111100000101001011001110011
10101001101101100001001110110
001110100000110100101
00000010101110
101101000110001001101001000100111010111
0011011111000000011100010011001011000001
0001101000111101011010111001011110101
0001011100011001000001100
00101010011010010011110
01100101010001111001111110100000010001100
01010000110011001000010001010111111011100
1000111010
0101001010010001110100011111100011011
110001100000111100010101
11110010111001001110100011100001011
10110101010111
011011010110101100100101000001110001110
111101111110111111101100100100100000111
11110010100110101101111101001111101
00100011011010110001110010010010100
1111001101011111010110010110111110
11011010001100101000
11011110001001101010010110010110101
101000111110
11111100101111101
01101101011010110010010100000111000111000
101010011001110111010100110001111100011001
0100111001100110100010010101110010100011111100101
0110001101011011100001100011011111000100010011
0001001010011001101000001110100111000
0110110111111110101010
0111101011010001111111000000000100010000
111010001110000001111011111100110
01111010101011001111011001111
100011011100010010010001000111100111100011000100
0100100100011111101101100101100101001
000000001011101
10101000000101100110111001100
1101111000100110101
110010001011011001101110010011100101101110011
10100000101111001000011100
10011001110010000010101101110111101
010000011111111110100000111111010110110101
011111010100100110001101111001
111111110110100010010101110110110101
11011010001111001100011100111011111101001110101
0011110100010101011101101100000011001010000110
11111000011111001101011101
00101000101001
10010110010110010101110000001
101011111
000111010001
10000000101100110001000010111011101101001001
1100001110000101010110101011101001101
1001000011100110001011000010001000010
11101110100
0110011101000101010010100000
1010111
01100011011110100001110011010100001001110110010
1010111110000010100101100111
001010000001010100001001000110010000110110010011
11001100001011111111100011011010100111100100
11000110001011101
0101000011010100101100011110010010
101110101001
1001101100101
01000010011111100110001101000010111010110010
100010110100111111101
01010000110011001000010001
01010001011010111111101011010111010
1110101011
0000011010011110101101101
0100101000100110001100010110100000001000
10111000110101001010001
1111011000011111000001010011111111011110110000
01110001110111000
0011110100010101011101101100000011001010
01001000001110010100101100111000001110101100
1100110001101111101101111010100
010001110101011100101010011111001111
10011110101
0100101000100110001100010110100000001000010100101
111110101011100011101010101011
1011101001001001100
101001010010010110000001110101110100100
110100010110010011
0010100010010010111100101101011
1000110110100010000110000110
100110110010100101001111101000
001100010101
1101100011111000110101011100111110010010001010101
001101111100000001110001
100111110101110111100101101001
01000110001001110010011101110100111000010
0001011001110010001011110110001100010101100001
001011100010
101000100100110010110001011001011001111111101010
00101110001101011111011101010
1100111010011100110000111100110100101000001
10100110110101010100100100001101110
110011101001110011000011110011010010100000111011
011000110110101111101
010011101100011110101000100101111000100011
001010101100100111011011
1010011010
0111101010100110
1110001110100
1000110110100010000110000
001011100011010111110111010100101000010001101101
010101011
1010101110010100101010100100111000100000101
00000110100111101011011010101101
0001001010011001101000001110100111
1000111110011011100110
0110110111100100000101
1001111010111001000011111000
11100011101111011010011100111
01100000001000101011
01110111100101
01111001000101
1000101101001111111010000011
111110010110101010001001
1111111100011101100101
1100111010011100110000111100110100101000001110
110101101011101001100110111100111
11010111100100000101011000111110000101100110111
01111100011101011
0111011110001010100001101000
10100110110001001001101010011110111100011001
010001111101
010101
011001111001001101010111111011
010101011011111001111011011010011101
011010010000111100111101010111001110010101101
11101110111
0101000011010
001000110000011011001001011110101110
00000000101110100100001110
10001010
110101111011101011101000100101100
111100111101000110111111100000000011010101000
10111010100110100111011000110101011111100011001
10010110010110010101110000001110
0100011101110000110000100100
011011010101
0111110101001001100011011110011111010110110010
00000110100111101011011010
111110101011
0011110100011011110011100111010011111000011100010
11001100001011111111100011011010100111
01110001110111
000100100101011011110100011000100111110
01010000110101001011000
0000000010111010
11110011110100011011111110000000001101010100
1010000010
01111010101011001111011001111011011001101100110
0101110000010001011011011010
011100100010111100001110100111001001110000001
0111101010110100111000101111011
11010111010
110111110010000111010100
01110010001011110000111010011
101010111001
101000110101011010000011011010100111100
01101101111001000001010110
01011110001010100001110001110011110010111110111
01011010110100101111001010111011101010110010101
0100000101
0100000010010101
0111110101001001100011011110011111
100010000011101100010111100010
000101010
11101000100101100111110010001011
0100111011000111101010001001011110001000110101101
100110111111101010010001110101011101001101
10010110101010
01001101010010101010110100001010101000110111110
111100101001101011
00110110110111001101111000110111000001111001
011110111101010101101100101101001001111001111100
01111011110101010110110010110100100111100111110
01001010001001100011000101101000000010000
100110011100100000101011011101111010001000000001
100111010111110011100101011100011110111
100000110101110111000011011100011
1101111100100001110101001001110
01000101
10101011100101001
01010000110101001011000111100
100100111000100011111110
110011101001110011000011110011010010100000111
101001100010001001
110011000001100101010001100
10011010111100111
101011111011011100001
110100011111001010110101111001000100
011101111001010
1000101101001111111010000
100010101110110101100000011011001101100
111101101001111110001010001100110111100110
1111100011111001101111100101100000010011101
1001001110001000111
100110011100100000101011
1110001110111101101001110011111010000000110111
010100001101
01111101010010011000110111100111110101101
1111011111101111111011001001001000001111111101101
00011000110010010111111010011011001001000110101
01000110010000100110110100010
1101110001001000011010011011111101000010100110101
1010101001111011011000111111110111101111110100
1110100011100000011110111111001100
010011010100101010101101000010101
100111000111001111101010001
1101010000110001
010111100010101000011100011100111100101111101
0010110101100010101011011
10011001110010000010101101110111101000
00001111101010000011
111010011110011100011000011100111010111
01011010011101111111011011111011010101111
1100110010000101010100010111100100100100101
110011001000010101010
100101101001010100010
0100011101110
01000111010101110010101001
010101100001011
0100110101001010101011010000101010100011011111
110100101100101111001000001000
1110001110100011
1110000101001101100101011
001111101001001010110011100001000111110010
0010111110000001110000100011011000100
010001111101101001110100110000
1111001010011010
01100100100101010100110010
101101111110000100000011111011101
101101110011101010110101001001010000010101
110111000110111101000111111001011000110
10011011111110101001000
1100110011000011010101111111100001101111100101
0100010011110111011
001011110011010100001101111000101111101011001
10100011111011
00001111101010
10100100001111101
1010100110110110000100111011000
11010111101110101110100010010
011001001001010101001100101100010000100
010100001100110010000100010
0111111011100000111010101101101101010100101
110101111011101011101000
11100011101000
1101111100100001110101
10111100111000101001
011010010000111100111101010111001110010
110011001101000110010001001110110001
1010000010111100
01010000110101001011
101001110100000111100100000111000111
1011101010011010011101
110011000001100101010001100101011110001010111111
00110110110111001101111000110111000001
000101100111001000101111011000110001010110000111
1111101101001110101001101011010110
111111111101101011010100101010001000000110110
010001100000110111000111
0101010110111110011110110110100111010111101100
0111101000011010010101111100011110100010101
1010100110000110111111101011110111010
1101010001010100111000001101100101010011010001
10100110110101010100100100001101110000
001010000000110011110010
1010011011101000011111100101110100001110001011
11001100000110010101
1010100110011
1001101101110111001001011001111101101101
00001110100100101
010001110111
0110000110110101101000000010011101100011100010111
111010001110000001111011111100
0111111101000011010
001010001010010
10000101011001111001100011101100001000111011111
110100010110010
101010100111101101
101010011011011000
0010010000101010
011010010100001111011111000100
101110011011110011111011110110110
0101011000010110000101111111101
11100010101000111010111110111010
00010010010101
01111011110101010110
10101001100111011101010011000111110001
001111010001010
011011011110010000010101100011110
011001110100010101001010000
111001100111111100111010001
01011100000100
10100010010011001
00000001011010101101001101110110010111
01000100111101000
01001101010
001110101101111110001
0001110100010000100000111000010100011
10011011001010
1000110111000100100100010001
1000011110101111001000011
00001111001010001011001111
011000001110001001000101100011000000110101011100
101110011011110011111011110110
000000010110101011010011011101100101
11110111111011111110110010010010000011111
10001010111011010
10101011100101001010101001001110001000001010
1000011110101
10011011111110101001000111010101110100110101001
000111000011100100110101
001111101001001010110
011110101010110011110110011110110110011
11001100100001010101000
10001000001110110
11101000111000000111101111110
1111101011111100000000100100011010
1000011100111101110000011100010001000010011
10010110010110010101110000001110000111100
1110101010010
111010001001011001111100100010110
0001001011010100100011110011101111011111011100010
1100110011010001100100010011
01110111100010101000011010001010001001001010101
110011001100001101010111111110000110111110010111
110010101
10001100101
1101011110111010111010001001011
100111010111110011100101011100011110111011
110101111001000001010110001111100001011001101
01000010011001100110000101101010110000001010
101000011111100000011101100110010100001010101000
101000100000100101110001111110100
10010110101010101111101011100011001000100111111
010001000011001100101001101001011010011000101
0111111011100000111010
101111000110101100111110
111101001111001010101
10101000000101100110111
011001111001001101010111111011110
1010011011101000011111100101110100001110001
1010001001001100101100010110010110011111111010100
01001110010101011111100
1101101000110010100010101110110011100110101
11110110100111111000101000110
00010001010111001
1111100011111001101
1111101011111
000000101011100
010100001100110010000100010101111110111
010011010100
000101110001100100
10001010111011010110
100100001110011000101100001
00000101101110010110010111110
00010010110110110110111110101011011
011000110101101110000110001101111100010001
10101000000101100110111001100000001111000
01110000000001001110101001111110100001101
001111101001001010110011100001000111110010011
100011111001101
0100011000100111001001110111010011100001011110
00101100011010100110100001100101111111111
100010000011101100
011001001001010101001100101100010000100000
0101111110100110011111011101011111110000111000
1001101111111010100100
0001110100010000100000111000010100011000000
0111011110001010100001101
01010111
0111101011010001111111000000000100010
010110101101001011110010101110
01111110011000111100011110110101100101
11101001000000010101000111
1010111011110011111101100011
0110011110010011010101111110111101111
1010010001110110001011001001000100100010111
10010011100010001111111
010010100100100100111011101000110100001
100110011100100000101011011
0110110101011010101010001001010110101
111000111010001100001000011011111001000001011
00010010010101101111010001100
111100011110010010001110101
10100110111010000111111001011101000011100010
1011011001010100001001010010010011
11010111100100000101011000111
0111110110110001010
0110010010010101010011001011000
1010100000010110011011100110000000111100000011
0100011101010111001010100111
01011111101001100111110111010111111
001100000100111101010110
10100110110100100001100100000000000010111110110
010111111010011001111101110101111
1000110111000100100100010001111001111000110001
1011011111001101110100010000
10100100001111101101100110101100000
100101101001010100010011
11111001011010101000
001110100000110100101001101110110111111101100
01000110001001110010011101110100
0001110110000101011100010101101010110110001011
0100010011110111
10100011010101101000001101101010011110000110
01111110111000001110101011011011010
10011111010111011110010110100100010010
1010001001001100101100
10000000101100110001000010111011
10000010011000111111100110011
010111000001000
011100011101
0101011000010110
1111100111001110010001111111000000011101101101
1101011110111010111010
101001010010010110000001110101
0100011101
11010001111100101011010111100100010
0100011111011010011101
011111010100
001010100
1010000111010101101010111010
01001001000111111011011001011001010010000
1010011011010101010010010000110111
11101100011000011100000110101100100111101100001
0001110100010000
0100011101110000110
0100101010110110011000101011011101000011100000
01001010000110111110011000010100111011101
011110101101000111111100000000010001000011001001
101110101001101001110110001101
1100110010000101010100010111100100100100101011
1111001101011111010
0100101010110110011000101011011101000011100
00111110100100101011001110000100011111001
0000011010011110101101101010110100011
00101100011010100110
101000100100110010110
0101000101101011111110101101011101000
10100110111
0001001001010110111101000110001001111101111
1100110011000011010101111111100001
11100011101
10100010000010010
100010101110110101100000
0101000011010100101100011110010010110
0010101011001001110
00101100011010100110100001100101111111111110
101101010101110
010100001100110010000100010101111110111000
0011110011100111001110000010111
00101010011010010011
011100000001010010110110100101111111011
0011010111111101
011110101010110
10101110111100111111011
1000110000101010010011111000100000110100111101
110001100010111010
1011110011100010
110100010001010100001011100
1101011110010000010
11001000101101100110111
1011110011100010100111110
0010100000010101000010010001100100001101100100110
011000110110101111101001111001111
101100001000111
100110110010100101001111101
11010100001100010
100011101000
001110111100010111000101100100
00110110110111110011011000100011011001101000101
01110000000001001110101001111110100001101010010
100011111001101110011011
101010000001011001101110
111101111010101111010010100
100111010111110011100101
1011100010
00000000101110100100001
111001100111111100111010001010001101
0011010101001001100000110101001
1101001011001011110010000010
0010100000010101000010010001100100001101100100
010001110101011100101010011111
1111110000011100111000111101001101111011010111
101001101100010010011010100111
1101110001101111010001111110010110
00011001010110011101001
1100110000101111111110001101101
100100001110011000101100001000100001
10011110101110010000111110000
1110100011100000011110111111001100110
1000110000101010010011
10100000101111
0100011000100111001001110111010011
01100111010001010100101000000
000001010010010101100
101000001011
101000111
011100000001010010110110100101111111011000111111
001010011010101101101110011101
1001101101110111001001011001111101
01010101101111100111101101
0011010101001001
01010101101111100111
101000100
010100101100000111110000010101100011101001
001101010100100110000011010
111000111011110110100111001111101000000011011111
000100001101011101010011110010100
10110001011011010111011001
0100011000001101110001
000100001101011101010011110010100010010
1110011111111010011111001001100000011110000010
100110011100100000101011011101111010
01001010101101100110001010110111
0010100110101011011011100111011001011
1010010000111110110110011010110000
1111001101011111010110
1110100111100111000110000111001110101110111001
001100010101111111110110
001100111001001111100110100000111
0010111000110101111101110101
111101101001111110001010
001111010001010101110110110000001100101
01010110000101100
101010
101000111110111001010101001000000001000111010001
1101000100010101000010111000100111100111000
0100111001010101111110
101010010010
001011000110101001101000011001
01001010000000010101011100
01011111101001100111110111010111111100001110
1111000111100100100011101011000000111
11100011101000110000100001
01111010101011001111011001111011
1101000100010101000010111000
001011010110001010101101111
0100011111011010011101001100000
11001100001011111111100011011010100111100100000
0110010101110
1001011010010101000100111001
1000101101001111111010
01110000000101001011011010010111111101100011
001111010001010101110110110000001100101000011
11001000010010010100100000011101011100
1000001001100011111110011
1010101110010
1111100101101010100010011011001010001010111
100100001110011000101
0010100000001100111100100
10111111111000110011110001101000011111101100
0100010001100110011001
101000001011110010000111
0111000111011100010111100110010110101000100000010
1000000101011011000101010010000
00111101000101
111110110100111010100
0001101101010011010001001011110111010010100100111
01110111100010101000011010
10000001010110110001010100100
111000111010001100001000011011111001000001011011
001001000010101
1111111111011010110101001010100010000001101100
110101000101010010100011000
11011010001100101000101011101100111001101010
0011111010010010101100111000010001111
01100111010001
100111110101110111
01010001
01100100100101010100110010110001000010
00000101111100010111101011100101
00110001011111101010101000
110111110001000001101111101000101111010110101010
10101000000101100110111001100000001111000000
10001100111010001101111110011111111
00111110100100101011001110000100011
11110110100111111000101000110011011110011011
10111001101111001111101111011011
01101101001101000111110
101101110011101010
0100000101111100
110001100010111010011
101001101011000110
100011011100010010010001000111
0010100101010101
1000110000101
10000011010111011100001101
1001101111111010100100011
11100010101011000000111111111110100011101011100
1011100010010101001010011011110101110100010001
011110101010110011110
1111101011100101010000001111011000110110101001101
11010111100100000101011000111110000
110111001100000010110110011110101100101111101111
0110010010010101010011001011000100001000
0101111110100110011111011101011111110000111
11100111101011011001001101000100010001000
0001011001110010001011110110001100010101100001110
0010110001101010011010000110010
001010001001001011
10110101010111011000
000011111010100
101000100100110010
1010100110
00010111000110010
1100110011000011010101
0011000101111110101010100011111111
011110101010110011110110011110110
10100010011
11100011101111011010011100111110100000001101
001011000101011001100111001101
0111000000000100111010100111111010000110101001
01110010001011110000111010011100100111000000111
00111010000011010010100110111011011111110
1001001110001000111111100
0101000101101011111110101101011101000111110100101
1010100110110110000100111011
0111110101001001
011011100011101
0111101010101100111101100111101101100110110011011
10100110101100011000
10101001100
100111010111110011100101011100011110111011010010
01000100111101
1000000101011011000101010010
0010100010
0111011110010100100111
0001001001010110111101000110
0010101011
1011011111001101110100010000001010010001
1011010001100010011010010001001110101110
11101000111000000111101111
00110101111111011010111000100000101
01111011110101010110110010110100
101000011101010110101011101001100
100000010101101100010101001000
101010111001010010101010010011100010000010101111
011011010101101010101000100101011010101001
101111111110001100111100011010000111111
100011000010101001
010101011011
000011110010100010110011
1110111011111
0001110100010000100000111000010100
001101010100100110000011010100111
010010100100100100111011101000110
1000111110011011100110110
001101101101110011011110001101110000011110010
11000011100001010101
011000110111101000011100110101000010011101100100
010000100111111001100011010000101110101100100
111101111010101111010010100001100
1110001110111
10000010011000111
11110000111011100100101
0101011000010
10001100001010
111010001001011001111100100010
101010100110010010000100
101110011011110011111011110
0100110101
100111010100001111011011111101
1001110101111100111001010
10000000111100101101000000001010011
110011000010111111111000110110101001
110011000001100101010
101111000110101100111
1001111101011101111001011
001011000110101001101000011001011111111
0011101000001101001010011011101101111111
0000111110101000
0100011000100111001001110111010011100001
101010011
10111001101111001
001001000010101000101100100101
0100101001001001001110111010001101000010
1101000100010101000010111000100111100111000110110
10001100001010100100
110101111001000001
01111000110110010000010111000100111
101000011101010110101011101
1000110111000100100100010001111001
1001011010101010111110101110001100100010
1010001101010110100000110110101001111000011
0010100110111000001011011011100110010111011
001000110110101100011100100100101
101001000011111011011001101
0000111100101000101100111100110
11111111110110101101010010101000100
0101010110111110011110110110100111010
00000010101
110010001011011001101
101000011111100000011101100110010100001010101
01010010110000011111000001
101001010010010110000001110101110
000110010101100111010011101101110100101
1100110000101111111110001101101010011110010
0100101010110110011000101011011101000011100000110
111101100001111100000101001111
1110001110100011000
0011011111000000011100010
0010101000
1001101111111010100100011101010111010011010100111
010101011011111001111011011010011101011110
010001001111010
0111101010101100111101100111101101100110
010110101101001011110010101
1000000010110011000100001011101110110100100111110
1111011000011111000001010011
10111000010001000101000001
0111011111111010111110100010111000100011010011010
0000010111110001011
100101101010101011111010111000110010001
100111000111001111101010001011
011110101000001101110000011000111100000011101
11010100010101001110000011011001010100110100010
010000010111110001101011100100101101001101110
1110001110111101101
1101011101
010111111010011001111101110101111111000011100
001111110100011101
111101100001111100000101
110100010001
10001100111010
000000010110101011010011011101100101110
01100100100101010100110010110001000010000000
0001100011101011110011010100010101
100111101011100100001111100000111001
000100100101011011110100011000
11101000111000
11100000010111100101001111001100100101
100110111111101
0110010010010101010011001011000100001
110010101000001110110100
000011110010100010110011110011
01101101001101000111
110101111001000001010110001
101001100010
010010101011011001100010101101110100001110000
00101000000011001
1001110001110011111010100010110
0001010111
0110110100110100011111
00010111000110010000
01000010011111100110001101000010111010110010000
10100110110100100001100100000000000010111
010100101100000111110000010101100011101001110
1001111010111
1111011000011111000001010011111111011110
0100101000100110001100010110100000001
0101000011010100101100
01110010001011110000111010
0000001010111001111110110001010011101
010101011011111001111011011010011101011110110
10101111101101110000111100001
0000010111110001
11111010111
0001011100011001000
00010111000110010000011000000110
0000001010111
110100101100101111001000001
01000001011111000110101110010010110100110111000
10111100011010110011111
000000001011101001000011101001
00011101000100
1001011010101010111110101110001100100010011
0110010110111111010001
100001000101101100100001011010101010101101
101001000011111011011001101011000001111
1000110011101000110111111001111
1011010101011101100010010100111011
1001011001011001010111000000111000011
010111100000100010101111011011001
001001110100101110111110100011
111110101
011111101110000011101010110110110101010010111
1100110010000101010100
110110100011001010
100000110101110111000011011100011101110000101
0110110101011010101010001
10010110100101010001001110010110100001
00011111001011000011010000010010000101
11001100110100011001000100
001000010011010001110100000111001011100010010100
11011100011011110100011111
110101000101010010100011
10100100011101100010110010010001001000101
011110111101010101101100101101
011110101010110011110110
10010011100010001
0010101011001001110110
0010011101001011101111101000
001011010110001010101000001011000111111101
11100011101000110
111010001101010010100101000110110000101001101
1010010000111110110110011010110
10000000010001010111100101111
01010001011010111111101011010111010001111
000000001011101001000011101001010011010010001
100001000101101100100001011010101010
111010001101010010100101000110110000101001101011
110110011101001011100000100110110010011000100
0111000000010100
10000100010110110010000101101010101
11011100110000001011011001111010110010111
011110101010110011110110011
101110100100100110
01111011110101010110110010110100100111100111
00110111110000000111000100
001011010110001010101000001011000111111101100001
1101011110010000010101100011111000010110011011111
101010000001011001101110011000000
1011110001101011001111100
10010100100111011110001001001111000101
1111011000011111000001010011111111
1111101010111000111010101010110
011110101101000111111100000000010001000011
11101010011011001001
1100110000011001010100011
011101111111101011111010001011
10000110111000111
01011111101001100111110111010111111100001110000
11001100001011111111100011011010
01010101011001010010111000001011
10101010011110110110001111111101111011111101
1010101001
011101111001010010011110011001
101010111001010010
1111000111100100100011101011000000111010011111
01010101101111100111101101101001110101111011
0101101001110111111101
00110110100011011110001001100010
001111101001001010110011
101111001110001
1010100000
0000010110111001011001011111
001010100110100100111100
01111100111101101000100010101011001101110
001010011010101101
10111000100
111010001110000001111011111100110011
1111101101001110101001101011010
00001111001010001
10000011010111011100001101110001110111000010111
0111110011110110100010001010101100110111
011111001111011010001000101
01001010101101100110001010110111010000111
01111010101011001111
01001110010101
11010111101100100110111010111001010101101110101
1100110000101111111110001101101010011110010000
00001111101010000011100001
11010001011001
1010011010110001100
10101010011001001000010000111011100110010101100
010010100100100100111011101000
10101
01001001010001
01111010110100011111110000000001000100
000101001001111010000000101000011000011010101101
001011010110001010101101111100101010101000101
00101011001
1000011100111101110000011100010
00111110100100101
0011011011011100110111100011011100000111100100
11111001011010101000100110110010100010101111100
111100110101111101011
00100001001101000111010000011
100100001110011000101100001000
10111010010010011000010001111110100
01000001111111111010000011111101011011010111
101000111110111001
1000100000111011000101111000101011100111100101
111001100111111111010110111101010
10001100010101100000010100
111100111101000110111111100000000011010101
1000000101011011000101
111011101001111
10110100011000100110100100010011101011100
0011110100010101011101101100000011001010000
0001101000111101011010111001011110101110011
100111000111001111101010001011011
100001110011110111000001110001
000110100011110101101011100101111010111
111101100001111100000101001111111101111011
0100100100011111101101100101
101001101110
110111110010000111010100100111
0110000001010000010111111
101111000110101100111110000000110
10110111110011011101000100000010100100011111
10010110100101010001001110010110
1100100010110110011011100100111001011011100
1110000000111101011100111100110100001101
01101001000011110011110101011100
110001111000111000000011111110111
01001001000111111011011001011001
111001111010110110010011010001000100010
0100011000100111001001110111010011100001011
01000001011111000110
01110010001011110000111010011100100
01000100011001
0010110101100010101
10101000000
011110101101000111111100000000010001000
1001110001110011111010100010
1010101001111011011000111111110111
111010001110000001111
00011101000100001000001110000101
011110101010110011110110011110110110
0000010111110001011110
01001010010011100000111000111011011
11100001010011011001010
000110001110101
1110001110100011000010000110111110010000010
010100010110
110011000010111111111000110110101001111001000000
11001101001110101000011100010001011100010
00011101100001010111000101011010101
11110110100111111000101
001111101001001010110011100001
111110101111110000000010
000000101011100111111011
01111100111101101000100010101011001101
00000101101110010110010111110100100
0000111100101000101100
0001100101011001110
0100001001111110011000110100001011101011001
0111001000101111000011101001110010011
101110001
111010001110000001111011
11101000111000000111101111110011001101111
1111111101101000100101011101101101011001
100110110010100
01110000000101011
00011000101010
00110101010
1101110001101111010001111110010110001100
0101011101100
00101000100100101111
01101101001101000111110110
11010010110010111100100000100011
00101010011
11110110100111111000101000
1001100111001000001010110111011110100
01110111100101001001111001
0111010001
00010010110110110110111110101011
001100000100111101010110000110
1111101101001110101
0001001001010110111101000110001001
100111101011100
1010001101010110100000110110101
10000010011000111111100110011000011
010100001101010010110001111001001
111100110101111101011001011011111000011
1000011110100101101110010110100100000011001010
01010001011
100101100101100101011100000011100001111
1111000011101110010010101010111011101000111
01111010101011001111011001111011011001101100
00010000101110110010111
0001110110000101
010010000011100101001011001110000011101
000000101011100111111
10011110101110010000111
00011010001111010110101110010111101011100
111101101001111110001010001100110
101010000001011001101110011000
1001110101111100111001010111000111101
01100100100101010
0000111110101
1010000111111000000111011001100101000010101010
1111101010
11011010001100101
0010101001101001
010101001001
00101000000011001111001001001
100010110100111111101000
1110011001111111001110100010
10001100001010100100111110001000001101001111010
01100010011000011111001010111
1110100111100111000110000111001110101110
10010011100010001111111001000111110010010010001
100111101011100100001111100
1011000101101101011101100100
10101111100000101001011001110011001111
100000110101110111000011011100
1011110001101011001111100000001101000100101
0100100000111001010010110011100000111010
0000000111100111101101010001011
0100011101010111001010
0011101000001101001010011011101101
001011000110101001101000011001011
1011101
10010110010110010101110000001110000
1110100011100000011
1011100001000100010100000110011100
011110101010110011
1000001101011101110000110111000
001011111000000111000010001101100010
1101010001010100101000110
1010000010111100100001110
01001010010010010011101110100
10101010011110110110001111111101
0011111010010010101100
111101100001111100000101001111111101111011000011
110101110101100101100001110111110011100001101010
0011010101
11110011100001100110000001100101101111101011100
000100101001100110100000111
11010100010
0000000010111010010000111010010
0000111010010010100
00111010000011010010100
10010110100101010001
110010001011000010000110010011001100111
0101001011000001111100000101011000111
010100001101010010110
010010101011011001100010
01000110001001110010011101110100111000010111100
10000000111100101
011111101110000011101
01100100100101010100110010110001000010000
0101000011001100100001000101011111101110000010010
0010001100000110110010010111101011101100
1010011011000100100110101001111011110001
0111101111010101011011001011010010011110011111
110011000001100101010001100101011110001010
1010010000111110110110011010110000011110
0111101010000011011100000110001111000000111010
111010011110011100011000011100111010111011100111
0001100101011001110100111011
1101010001
1010111110110111000011110000111
1101000101100100
00011011010100110100
0111011110010100
11010100010101001010
10111010010010011000010001111110100111100
100010101110110101100000011011
10111001101111001111101111
0011000001001111010101100
101000100110101011001010111001000010111100001
010000100111111001100011010000101110101
10110111001110101011
00110001011111101010101000111111
0111111100100111101110000110011100011010010101010
110100010001010100001011100010011110011100011011
010101011011111001111011011010011101011110110011
000100101101010010001111001110111101111101110001
1100110011010001100100010
110011000010111111111000110110101001111001
11101000100
11001100011011111011011110101001010001010101
110011000110111110110111101010
00100111010010111011111010001110100101
01000111110110100111010
1100100010110110011011100100111
01111011110101010110110
1001011001011001010111000000111000011110
010110100111011111110110111110110101011
000100100101011011110100011
1101000111110010101101011110010001
000110010101
010010010001111110110110010110010100100
10011101010000111101101111110111
0011101000001101001010011011101101111111011
1001101100101001010011111010
011100100010111100001110100
0001011100011001000001100000
10000100010110110010000101101010101010110111
0111101010101100111101100111101101100110110011
1101011110110010011011101011100101010110111010111
10000001000100000110000001100111100101
00100011000001101100100101111010111
0001100101011001110100111
00100100110100011111100010001111101000110110001
1101000100010
0001000011010111010100111100101
001111010001101111001110011101001111100001110001
010010101011011001100010101101
0110001101101011111010011110011
1001111101011101111001011010010
1010100110110110
101101010101
1111011010011111100010100011001101111
001110111100010111000101100100100001
1010100000010110011011100110
0110001101011011100001100011011111000100010
10010110101010101111101011100011001000100
010110100111011111110110111110110101
11011111000100000110111110100010111101011010101
01000111010
0010000100110100011101000001110010111000100101000
001010101100100111011
011110111101010101101100
011110101000001
010001100010011100100111011101001110000101111
11110110100111111000101000110011011110
01111101010010011000110111100111110
1111001101011111010110010110111
000111010001000010000011100001010001100
00111110100100101011001110000100
1110011110101101100100110100010001000100
00101000000011001111001
1111100111001110010001111111000000011101
100011111001101110011
1101011110110010011011101011100
100011011010001000011
10100110111010000111111001011
111100111000011001100000011001011011111010111
01011111101001100111110111010111111100001
11001100000110010101000
10111000010001000101000001100111
1010100110110
0010100110101011011011100111011001011011
000110010101100111
10101110111100111111011000111111
010011010100101010101101000010101010001101
00100001001101000111010
00101010011010010
0010001101101011000111001001001010
10011011001010010100111110100
1010100000010110011011100110000000111100
11110010100110101101111
110101111011001001101110101110
0110011101000101010010100
1010100100101000110001
011111110010011110111000011001110001101001010101
0100100000111001010010110011100000111010110
101001000011111011011001101011000
101101100010011110100
1110100010
010100001100110010000100010101111110111000001001
111011101
010001100010011100100111011101
001000110000011011001001011110101110110010010
00010000110101110
000000010001010110
00010010010101101111010
101100001000111100111101110011000001010001100101
010010100100111000001110001110110111111
1101010001010100111000001101100101010011010001011
101110100100100110000100011111101001111000110
0100000101111100011010111001001011010011011100
111010001110000
110111001100000010110110011110101100101
1000001101011101110000110111000111011100001011111
101001101101010101001001000011011100001001
001110111101000111000101101110000011110101
11101010011011
11010001000101010000101110001001111001
101010000001011001101110011000000011110
1001100111001000001010110
00101111100000011100001000110110001000
100111010101
100000100110001111111
01101000000110000000101101111100111110010110101
0011000001001111010101100001100110
1111011000011111000001010011111111011110110
11010100010101001010001100
0001001001010110111101000
0001000011010111
01111110010110100100100001010111
111110101110
011011011110010000010101100
0010110001101010
101010011011011
011110101010
100001110011110111000001110001000100001
101001101101010101001001000011011100
0111111011100000111010101101101101
1010100000010110011011100
0011101000001101001010
11111011010011101010011
01111100011101
10000000101100110001000010111
0111111001100011110001111011010110010111011
01001001000111111011011001011001010010
011001110100010101001010
0111110001110101111
010010000011100101001011001110000011101011
0001010101011000101110101111000110011111001100010
1001100111001000001010
0111101010110100111000101111
01111101010010011000110111
10100010
0111100100010100
0111001111000011000001011110010110100110110001
100110011100100000101
10100010010011001011000
0010011101001011101111101
0011000011011101000111
10011111010111011110010110
00110101010010011000001101010011100
0011111010010010101100111000010001111100100
010010010001111110110110010110010
101010011011
10101111101101110000111100001111010110111110001
1101010001010100101000110001010101001000101100101
0111101010100
1101110011000000101101100111101011001011111
0011010101001001100000110101001110
01101001000011110011110101011100111001010110100
101011111011011
