
00100001111011101111
101110022222110
0111000000000100111010
0222012011021101101011020222010220210012220010
121222010211110002010021112001220221220220101122
102020120222101
2100021211122120020122020112122002211011100021
11110100111
210002120011000021021110002221010101
11212212011000002022
01110001122111010120
010101110110001001100000101
010222220022210212022202122002220000211020
0100212120200000011012111110102222101101110
121110112212010010201
112121110002210212211121102022110200020210202
121002121210100200
001010011
02121011000000220112000
22211122210
221011012121110120222012112012101102221200010
022201201102110110101102022201022021
022212110002200100102212222210121220210202
00000001011010101101
211121210002120121101211101220120000212222002
000000011110
0000011100000101111
01010010101110100011010001
2111111
1101101000111100110001110011
212021
0000011011011001100000110000011
1000000001101110010101011111101101101101111111
21001222120102000201221
0212101100000022
001110011100011
01011110000010001010
010010010010
100111000
0202120120022002120020202020010212102022
10111100110011001111011101100011
111100011110010010001110101100
1010101110010100101010100
10111010010010011000010001111110100111
201112021212001
10210022002110222101211022
011000110
011001010000101110
102101201001101000112010200200220
0110110111100100000101011000111
122010101200121220000212102212211202012101202
1001101100101001010011111010001000001011111011
01111
22201221001021
10000011011111100011010
11000110000011110001010110000010100110
2210120211112211222011121100000122021120111010
1202010002002002210010022100221020012222101112221
11221021202220201101201002100222212102100202
0001001010011001101000001110100111000101111101011
0010011101001011
0222210102
0001010111001000001101111101011
1101011100110010100110100001110
1111110010101122110
022
102221201212
11001101001110101000011100010001011100010001
10000001000100000110000001100111100101111
2221001201000220101021
000001101101100110000
001211221211220111212211002
2201010222220220
0100000010010101010100110111011110001001110101110
000011110
02222
000001011111000101111010111001011011101110
01111111001001111
110010100001110001110111111000011000101100011010
000011110010100010110011110011010101110100111
2122012010100202020020200100202100110100222112120
1021002200
01001101010111
10001110100010111001001100100011010011100010
02021010022002021001
112020102112212002101120010111121000121112012
2122012010100202020020
1002221012122
011221220002022201
12021102100101010110102200001012
0111011201202121101201002111020
11202002210200112222112102200011011112222100010
102002221010001121
22212212100102021120211221102
10112022220021
111010001101010010100101000110110
1220012022220010120100010211002
020101
0010000000111
2220001002212111222221111021210010202200220
0002202110011101220
22110002120201210112222211102222211211010102
01222111020
010021212020000001101211111010222210110111
20000211201112012001222020120
22001112011012020
00102111200020222202011120020121221202200012210
101001100112110000222001012202121022222201120220
1212220102111100020100211120012202212202201011
02022000210200211122
1101101000111100110001110011101111110100
01000010011001100110
110101020100021121020
1011100
0121222002202
0101101220122111
0102100112021122
011000011
110001100000111100010101100
1021002200211022210121102210020020222222111
11120022102220
1100001101101111110100111111001111000110111111001
00111020211120012001
00111120010110202120202
10000110111110111110001010010
10201101211020120122222122200211112112102
111000101101111001110001101100001101
220022102012201000110201011222220201012101200022
01001110110001111010100010010111100010001101011
1001221200210202221012202212211022102202
02012222120200
01100011011110100001110
020212012002200212002020202001
100020102010210222
011001010000101110000
11221211102220002210210012200022220111010122
0120011112011112022102012111120221
110101111011001001101110101110010101011011101
0212210221201
1021
101110100100100110000100011111101001111000110100
21101120022202
101001110000111100111
0121001120112022
0101100110010001010101100010100000001011
220112220112
000001011011100101
2221210202222110001011002022102222010222211122
0000212102210112120102120221220122202020021100
00100111
101010100110010010
00100100110100011111100010001111
02110111101110000001012010000
02121011000
1022121110202001111011100222002211010020121021220
1001110010110000100001101011010111111011100110111
11110000111011100100101010101
210120211111112202021000200111221011212200122
01100101000010111000
1102110211102012
0111100110001000001111001
12011121122200
201211022201012110222201020220112221010000201100
10000111101011
021201201010002022
1101101101111000001000010101111110100
00000000000000000000000000000000000000
2201202111121121211120010022220120000000122121220
10111001221022121222011121122001020002
120220121201212120221020221122202221
022221010220222100000202020120111121102
1022121110200002212221122222122201010210
1011100122102212122201112112200102000222000102122
2010111201210001120
1202210210002101100
02010120000220222
011110111101010101101100101101001001111001111
000000010110101011010011011
00222220201200002100102122100100
2101010202110200111
0000011011
11010111010110010110000111011111
1101202111120021
0202221012202
21020020210110
00101000101010101100110011010010001000000000001
0210110020102000200020002002101
00110001010111111111011010110000101101101111100
011011
110000110
2201102022210111112110210221022101012201022
0100100101
00000001011010
2102211102111010
1000011110100101
0202222222
1212100000122110200210010020221122
121110112212010
2120012010122110
0000100101100
0110010101000111
0011000101
1100011110001110000000111
121220121010021212001020112222101221112020001
020101200002202221201
0000212102210112120102120
10110110010101
11111100101011221100
1101000101100100111010001000001001110
12200120222200101201000102
101100001110000101100111100110011101001
01200112002100102100012200100211
010200000122202
000111100
222122121001020211202112211020
001111000
12121000001221102002100100202
1220012
11100111111110100111110010011000000
210210111022111100221211021210202000
111202202000111100010122111210121221
11212021211020
110110010011000010
02110111101110000001012010
10010111101000110011111000000111001011010100110
011100111100001
201221021210021202011100201221121012102001202001
020102222000110012
111001110011010000101000100111010
110011220
001000011110111
122102010210012201212021021111210020102000
0101110000010001011011011010100011111000001
0121022221210221212120021221010020121022
1121221211110
0001001011011011011011
201201100001121001201
1110010010110110010110011101101110
201010222222
2122220012011
01200112002100102100012200100211212221010211010
11100111011101101110110100101111111001110
11100111011101101110110
110000110111111011001100100000001
00100100110100011111100010
111010220
01111111001001111011100001100111000
21222002011011010
12121000001221102002100100
011110101011010011100010111
2102222212220212021012000010211011200122102
1011011111001101110100010000001
10222221201010
121101202002
10210022002110222101
211002122112100
21221121121
10021100000111001012
210212112100111
22012021111211212111200100222201200000001
0200000010211111011022
10000221010202222121201200222012201110200220200
20111202121200100012202012012100020
2011120212120010
1101202111120021212220000100211222120120002
22011020222101
2210022020101121000002010221220111221112210112
01212011210122000
12000221220211
110111100010011010100101100101101011010111
11100010110111100111000110110000110101111000
211022122221200220
1011000010001111001111011100110000010100011001011
101210102002211011
1011011011000001101000101
20000211201112012001222020120221110001012200021
20111020012211011
21000200122002
22212102022221100010110020221022220
121112111110021
0111221102012010201201022200200102012022212202000
000100001011
0211100102220002200220020220122001200121011
01100000001100110011000100100111111
002011
11011011011
1212100000122
12021211011000
120220110212020
0211002200111211001
010001100111111110001
11101001000000010101
02111001022200022
110100010110010011101000100
120110100122122000
211220
01201201212222211222112002101121
2111121101010010102100000220221021002211221122111
11202010211221200210112001011112100012
21201111220001212000110102101010212111221
01211110120112110
211220112102001
0120221022220
000000000000000000000000000000000000000000000
0001010101011000101110101111000110011111001100
0001111011101101010100
201001202011000012222202012011120022212120201020
0220211111122
012001111201111202210
110110100011110011000111001110111111010
01001001001
02111001022200022002200
1202110210010101011010
0111100011011001000001011100010011110101000111010
11011000111110001101010111
1101211202212
1012010202000111
2011220100110202221111012222200100211010
221011012121110
00011000110010010111111
0010100010010010111100101101011010000110101
200101101122012210212211010002111
201112021212001000
11101000110101
122102010210012201212021021111
22012021111211212111200100
122001202222
020120222221221012220210121202001202020002
210112222110001022
2112222000200012112012
100101100
1010100211111222
00000101101110010110010111110100
10010110100001111000001010111111000111
011100110110111101011011
212201201010020202002
10201220201112211102111011201210011020022021
22212100222102010011101202020022101221111220
11222011122210220110101212122122210211
010011010101110111100100101001000011101010001011
21001
1000012200122112202011200200122002200220112110
01111111001001111011100001100111
120122111110021
1100001101101111110100111
002102211002021101
1102012221022
12200212120020020002110000012211001010200121
12000112212002022110
1012101020022110110
00121122121122011121221100222000
10111001221022121222011121122001020002220001021
0222121100022001001022122222101212202102020
1101010000110001010110110101000000011
22000110211021121100022211100122002202022210120
11110011100001100110000001100101101111
2110021101122221212020010020121121000001212200021
01001000101
11002220
2112120012112
22121211
10000011011111
20200112002121221102002101120021210222212110
0111110101101111101100100011011
1111101011100101010000001111011000110
00011000111010111100110101000101
11001011201000202201012112112112211121120210202
2102101110221111002212110212102020
1010222021121020021021112112212112110002121
2011211010220012
022201201102110110101102022201022021001222001
0012202210012102
00101010110010011101101110100100101011
2201012102122121
0001110000111001001101010111011
1010010100
0100010101
110001100000111100010101100000101001100
2111111220022
1011001010012102012202202120121001102112112122110
10000000011011100101010111
112002200001120000220
2121010000112001
111210011112021011002212020220200212121002200111
0121220201212112
01100001001111000000000011101001100111
00121111110022112210110111120222002022021211001
010021212020000001101211111010222
200200120022212
02121011000000220112
0222121100022001
211100122222
201112021212001000122020120121000202120111100111
1220011200002022001
1110000001011110010100111100110010010110
110000110111111011
00101010000100000100001001110111101001000001
011022012210202
1111021202221
22110002120201210112222211102222211
2200100112020221111221102100000201221222110100012
01111100011101011110000111
012212001021202
000111000011100100110101011101110111
0122212212001
0111011201202121101201002111020220211121
0211011110111000000101201
00202222102211220022102
02201201100012112
20220100121010
111111110000111100100111
12112010212200010210101221220122011122102112201
11001010100000111
010100101011101000110100010
10210
101100001110000101100111
11101001000000010101000111010101011
120211021001010101101022
112220111222102201101012121221222102110
0210110112221020
0011100121020012202
11210010021110122
22100220201011210000020102212201112211122101120
110110011101001011100
011010111001100001110110110100111001010001111111
012221022100021
220001000120211022
01100011011010111110100111
2121212000012002
1110001011011110011100011011000011010111100
1010000110010110011111000000000
1010101100111201012110
1101011110110010011011101
2201002022120020
0111111100100111101110000110011100011010010
20010122211220100021010120
1012201111202020
22212102022
2112000112101020102211220100121202011112202
01022222002221021202220212200222000021102
1111100111001110010001111
2001012221122010002101012
0022
2020021020222012110102101121200010021222212200
10112022110022001
000000000000000000000000000000000000000000000000
010000101110101110101100000110110000
0221112201112222000011
222112112011
1000110011101000110111
1010100110000110111111101011110111010011011010
10101110111
2001011011220122102122
1021012010
00101010000100000100001001110111
1000101010000000101001010100110100
1100010021021111121100201121
11012021111200212122200001002112
2210210200110112
102012202011
112120212110201222121101022022122212010
202221000022111
00101001010
101100101001210201220220212012100110211211212211
01101101001101000111110110101101010010101100
220101022222022012221021201020110222201020012112
0211202222101
2100122212010200020122100
01200112002100102100012200100
12002110100022
1011100222221102210100210201110212002112212001100
011101
0010112002002101002012
011101000111100
11100010110111100111000110110000110101111
00011100001110010011010101
10201
011100000000010011101
210210021221120200100200121020
11110111111011111110110010010010000011
1110100011010100
0212020210110
110000100221012002120
1220101220201110
111001001011011001011001110110111
11011011011110000010000101011111101
1110100011100000011110111111001100110111110101000
11000100210211111211002011210002111220120211
20021100100022110212210210012012120201222102120
21220120101002020
0021111122010202
1111111100
0110110
11011001001100001010011110010011101101
1011121011210022
1110100011010100101001010
0111110011110110100
11111111110110101101010010101
02002111120222
0110020120010210010001100110
10102012102021120
0220222010120211221222002110120000111122220
12121000001
12021102100101
122120112202211021021101221202010210021200200
00201022210222
02211122011122220000112102022001001122101020121
1011110011100010100111110101000101010010110010
101101111110000100000011
02000012212100210020
01001010000000010
0110000000110011001100
10001100111010001
0001111
220101210212212100120010
0000000000000000
011011011110010000010101
11100010101000111010111110111010001101111110100
21111021012022
000000000000000000000
110110010011000010100111
12200120222200
0110010100001011100
101110001101010
001222210220021202022022202011020101002122101
1100101010000011101101000101111
0221112201
0221122111210
22121110221211011012001021212111120121012110
102012202011122111021110112012100110200220210
1112121120
01120
0101001010111010001101000100
122001202222001012010001021100202010212
2022111101021021001110
1101101101111000001000010
12210201021
1002211210012222012120200211202200021211211
220100010221212
1001110101000011
21122211211
01110011011011110101101101000001010011111
0101010112100020121101
0010010011010001111110001000
0100010001011010101
111010202221202202221100100222011012022221
111101111
1211101122120100102011120210010200101
1110011111111010011111001001100
01110000000101011101111100010000011001010110
220222210221222021200110110010012102022022
1010201210202112020002
000021210221011212010212022
11011001110100101110000010011011001001100
11112201201022
1020200010121200121
012012012122222112221120021011211022000010011
10001100201122120011
1102120022221
000111110010110000110100000100100001011
001010101100100111011011101001001010110
12222110121111011012020220122220020102122
01111011110101010110110010110100100111100
20202212102101
0000000101101
201122010011020222111101222220010021101012220122
0012112212112
020101222102120
222100120100022010
0010010011010001111110001
22012220022010
0000010111110001011110101110010110111011100
0212101100000022011200012111211121002110112110
0101212222102210010200222
001102101222101020
101110110111011001011110
22110002120201210112222211102222
10001101000101101111001010010111101000011111
112000021100022122120222111120111000202020210220
21111112001221
222102011102210112120000011110100112122001212121
10121112120201122
1101012012212120002120201011220212022122102
1101011001010101111100111
221002202010112100000201022122011122111221011200
110000110110111111
0010000111101110111100
100101101001010100010011100101101000011010001
111011011001111010010000011001001111
000001101101100110000011000001100
11111011010
01101110001110111000011100000101001001110
01002001202
212201
1211201
202
0000001212111021
01100001101101011010000000100111011000
1211101122120100
121222010211110002010021112001
122022102120212
11110111111011111110110010010010000011111111011
000101100111001000101111
111100111101000110111111100000000011
01100010111011100111
2221210022210201
20001002212012100200
210020102221021
1211010010022101001112220122201010221
1120101020211110101
0001001011
111010000101000100100
00120012210221112000212111111021012110122110220
1000011110101111001000011001011100111111010110101
212201201010
12000221
010011010101110111100100101001000011101
02221122200111022001110
2022111101021021001110001121200111201102102200012
102011012110201201
2001011011220122
02221211000220010
01000000100101
101000011001011001111100000000000
10210120100
11110120001110220200
022110002
100000001111001011010000000010100110100101010111
2100112112102200
10212210022210
2112000112101
1220012022
100000110111111000110101001011
00011110001111010001100000101111000
010110101110010101010001
0100011101010111001010100111110011111011110000101
111110101110010101000
10100000101111001000011100101011000000001
2201012102122121001200100101002
0012222220020122200222201222122002
02010120222112
111010001101010010100101000110110000
222122121001020211202112211020112
2212111022121101101200102121211112012101211
22220000101010100121
221012211220
11100100
1100101120100020220101
010000001001010101010011011101111000100111010111
110221220201212221
1021002200211
2200221020122
1211201021220001021010
11111111110110101101
0011100000001100001100100010110101000000010000101
1111001111
100010101110110101100000011011001
00102111200020222
0110111000111
1120000211000221221202221111201110002020202102200
111111110110110100111
10102012102021120200022101
1002110000011100101200
000001110000010
101110012210221212220
0100101000011011111001100001010011
101001010010010110
1010000011000100101001110000110
12220212010120
02010122210212000
01110112012021211012010021
2211120022120
01010001001
12021122100102001
1100101
00000001111001111011010100010110100011111100101
0120001211001011021011
121120102122000102101012212201220111221021122010
2001102010002000002000122
1111001011100
10021
2102211201
10210022000101222
0102102100022110012
1011111111100011001111
100001220012211220201120020012
101000011111100000011101100110010
00002121022101
1100010021021111121100201121000211122012
111011110111111000010000110
00110210122210102
211000211121100010200021012122221110121201020122
2000021120
21010102100012011120
1020201212111101202
11100010101000111010111110111010001
111000111011
01011121002021100101210001022002220022001001221
2221221210010202112021122110201120012110002100
002200110012210220
201001111202210102210211111120111122020020012111
11111010111001010100
1102101220111212200012110021012020112020211000122
1122011010011200010002200122210211112121102102211
102102112011111211120211211212110002220121001
010001110
1202202000010222
222000100221
20120010022222
012120112101220
2201202111121121211120010022220
100001220012211220201120020012200220022011
020122221202
01101110001110
0010000111
00011112102011020012
21120001121010
01010010101111
100001220012211220201
1200101200100012020021
1221020102100122012
122211002011111
1100111101000010110001111101110110111010
0010110011011111011
10021100000111001012002022210200002201
2202101112000100112220122010102212100022221120
10212212110111
11212021211020122212110102202212221201000
2221210022210201001110120202002210122111122
1011010
011000011011010110100000001001110110
21122220
0121
12100212121010020
12212011220221102102110122120201021002120020
010010101
2221210202222110001011002022102222
1010200200102221002
0012112212112201112122110022200012011102
102210102221102111022012201100111110010211211210
11010110101110100110
10011100000001001001010000101111101111110
111010010101000110010101
220112121102020220121202112112000120100211120
2011220100110202221111012222200100211010122201
1120201021122120021011200101111210001211120120000
2201002210221121011202211112022102001111010111
1010001000001001011100
0020222121211
110001002102
120211021001010
000000111101010101011011
00100100110
121
0022022201201010111121022120110212211111221
021011011222102022221122111011022122121
000122022101012011
1101000101100100111010001
00010100100111101000000010100001100
101222121112010120200111221110202202022002020
001211221211220111212211002220001201
200110
0111011201
111110001110020012120
01000110011111111000110010001110100100001101011
11001100
220000002012000000001022110
22211202211
121220210101120
0222210102202
200002112011120120012220201202211100010
111011100010100
02211111120121220022
222122121001
22210110121120
0101011000010110000101111111101101110011100111010
221100021202012101122222111022222112110
0
2112120002022001
2222112202
210002120011000021021
02011101221010211
1021221002221
101001100
20221111010210210011100011212001
001021112000202222020111200201212212022000122100
2002100101021222
000222121111222200202122121200110212002201
010111100000100010101111011011
221022121111002200001122220011120012022202101
210210111022111100221211021210202
12000221220
22201221001021202111122012220112221202
1001210120
2201010222220220122210
0012222220020122
100010101110110101100000011011001101100010
1100111101000010110001111101110110111010001101100
1002110000011100
21201111220001212000110102101010212111221121
20122002210022
10021100000111001012002022210200002201211
111000101101111001110001101100001101011110
2220120202202101102001201220012022201211120010
001011100
0111000112211101012
1100001101101111110
01010111011000100110000010100
010111
1220012022220010120100010211002020102121202012
100211000001110010120
001011100010000001000010101100011
10122021102100012
1111010011110010101
22212212100102021120
0110000110
0202120120022002120020202020010212102
0010000000111100000111
1010201210
0110110100110100011111011010110101001010110
0000000111100
200212011210222221212200222200011202000000010102
22011212110202022012120211211200012010021112
02101012221011020
002221122011101
0002201122202200
10100111010000011
1002211221211
00111100000111111011
1111110011
10011010111100111101001000101
2201202111121121211120010022220120000000122121
020210100220020210011012110022022222122022111
10110111111111000010100000111001110
000000000000000000
100111000000010010010100001011111011
01100011011110
011100110110111101011011010000010100111111111
020110022021200021
02102002201010020111
00101000101010101100
11010102010002112102021122222200022102212211
0011110
20210200002220120
11110100111100101010100101110010010110000111
000201212122012
002001112101011221
120222102002122101220212221002021112022
020212012002200212002020202001021210202212222021
0200001221210021002
012200122020002011100212211210101222112121102
2010022201102021
011111110010
2201010222220220122210212010201102
1001011010000111
1001212002022102
111202202000111100010
21021011102211110022121102121020200011002
1110111001011011010
200002112011120120012220201202211100010122000210
0102102100022110012022021211120102222202122
00110011100100111110011010000011
1021002200211022
12012212121122010112110010012221112012110102
00000101111100010111101011100101101110111
20121100202110100200
1002110000011100101200202
111101001111001010101001011100100101
000000000000000000000000000
2201012
11121001111202101
1111101011100101010000
110111000110111101
00100000001111000001111100110000001111
010001000101
002100110201112001102
11111111000011110010011110000111
111101001111001010101001011
200101222112201000210
1020122020111221110211
210011211210220
101101
121110112212010010201112021001
0100100110011110110011111101100000011
11011100110000001
0110201020220200102
10210120100110100011201020020
220100000100110121022
120010
0110111000111011100001110000010100100111
10000122001221122020112002001220022002
1010201210202112020002210111212022212112
110121120221212101111022202022121121211
1212220102111100020100211
11012021
120002212202112101221001221201111021002000220110
000000000
0210110021
12101101021211022101
00121122121122011
2212111111112012212102221120120120202101
0011021012221010200
0001010010011110100
0112002210101111110
1000110100
011000100100
0001100011101011110011010100010101010101
111211111102102
0222112220011102200111022202
11210021
00000110110110011000001100000110
01000010111010111010110000011011
021211122022
2221221210010202112
10110100
10201220
011110101011
11100000010111100101001111001100
1020211201002201010122002012002000122120012112122
1220021212002002000211000001221100101020
12122000220
1002211221211100102000102102021122200000112102122
1110010
1220101220201110000
10022112100122220121202002112022000212112110
02200012200211012
1101100111010010111000001001101
1012221110200201100101112212101201012002211122001
10100001100101100111110000000000
1100001101111110110011001000000011111
201112021212001000122020120121000202120111
2112222
11111111011011
1200022122
10210120100110100011201020020022010101200011212
00220011001221022
011000110110101111101001111001111111
100110101111001111010010001011110101111101011
11100000001111010111001111001
120101200022221
010001100111111110001100100011
01100011011010111110100111100111
10012101001120222
0002120222221
0010100101
1102200011010010110
21201111220001212000110102
1001220212220010
1221112222
10011100000
0020222210221122002210211222
21212111120011
2220001002212111222221
1200022122021121012210012212011110210020002
21112000222122122122122112211100102002010
000000011110011110
011110101011010011100010111101110101101
11001000010010010100100000
1011011000100111101001100111
22212102022221100010110020221022220102222111
000111100011110100011000001011110000
01012102221022
010010100000000101010111000011101001101011110
01111111010
20122102121002
1011010001111
11001010020110101222
0110111000111011100001110000010100
10101110111100111
1110101210001220000111
010000100110011001100001011010
001111200101102021202020022
011001010100011110011111101000000
000000
111101200011102202
202002102022201
000110001110101111001101010001010101010111011
22202202
1012112202002011
210200201
102101201001101000112010
000011110010100010110011110011010101110100111000
002022221022112200221021122221122
100110000110001111101111000001011010010010
222101101211201020012201000122022210201222011
200101101122012210212211010002111120002221101
011000001110001001000101100011000000
11111010111001010100000
20000210012102222122221222111202210110201
100000001111001011
00022011222022
1021222001212
01111211211202
010010011001111
212011112200012120001
1101101110010011111101000000001110110011100010
00011110111011010101001110110111
0110110100110100011111011010110101
1010201210202112020002210111212022212112210221202
00111001110001111001000111111000110001000011101
12121000001221102002100100202211
01201201212222211222
00202222102211220022102112222112210112111
122221002100210
0110000011100010010001011000110000001101010
21220120101002020200202001002021
122102010210
20101202
1011001100011000010110011100001011010100110
0202221012202111102011012221002210201020002101200
0211100102
001010001010
01101011100110000111011011010011100101000111
010101100001011000010111111110110111001110011101
101101000110001001
100222101212202020
0010220010211112020
1111100111
0110011000101101101011111000100001010101011011
202220211121102110122111000212010102210112102
120202200000022210211012022221201202220012002
2112210222100
02201112110000122
0222112011112
1110120002
200002
111010100110110010010101100111111000000010101100
0001100011101011
20221111010210210011100011212001112
10101111100000101001011
120221021000210110
120110111
120111210202000112111211
122221101211110110120202201222200201021220
101000020000222100012000110
0110000001010000010111
00000000000000
100111000000010010010100001011111011111101100011
0101011101100010011000001010010011011100101
02222101022022210000020202012011
11000111100011
10100011111011100101010100100000000100
00011111001011
01001110010101011111100001011111100
020222101220211110201101222100221020102000210120
00100100101
10101011100101001010101
2221221
10100001100101100111110000
0100111
0222112220011102200111
22010201100120211
11221110200122
002200111201222
111111110110110100111001011000010011001011100110
011111010110111110110010001101100
22120012000000112200
111010001101010010100101000
220122120111021101122121020010002200121200022020
1111110000011
2022111101021021001110001121200111201102
000101100111001000101111011000110
2100122
110111100010011010100101100101
0100000010010101010100110111011110001001110
02220120110211011010110
010121222210221001020022201112211200102212001022
121022201200201
220101022222022012221
11111111
0210110020102000200020002
000111001111111000100100010001101011101
12220110100012012211221222111222021012011
121102000122101011
2020100102
0111010
001011110011010100001101111000101111
10100002000022210001200011
00010100100111101
110010100201101012220
00011011
00101000101
102001120100200222
120110111011101101000022122002112202122102102
202211110102102100111
1101110011000000101101100
112122121111
2020112110011222101
012220100000122002122012202000210202122121100202
0022222020
1002221012122020200002001221012022122211001210
12222100210021
112020102112212002
100111010100001111011011111101111110101011
021011002010200020
01100000111000100100010110001100
221100021202012101122222111022222112110101020
110011010011101010000111000100010111000100010000
011100110110111101
02122102212011222110122021021222100202001
000000000000
012012012122222112
1222110020111112002010201102101122112201001202200
1000012200122112202011200200122002
2011220
0111111100100
1010000110010110011111000000
02101100201020002000200020021011002210120111
010100101
222121002221020100111012020
111010101110100110001
10001101000101101
01011010111001
1112111112102021211100220002210221110121120101
011100000001010010110110100101111
1010001111101110010101010010000000010
2120021121022221122220220212011010200112
0002201111012002011212012211012012200220200120121
22012100011111110122
02200
01202210222200
22212102022221100010110020221022
220101210212212100
000101111010010010100111
010011101100011
222000100221211122222111102121001020220
101001110000111100111110011
01212020102102222
10122021102100012211120212210122212000221000002
2211211112122012020212202220202121021
122120112202
1102110211102012000
110201200010212021
0111221102012010201201022200200102012022212202
0221112201112222000011210202200100112210102
111200001111012100010011
102100220
1110011101110110111011010010111111100111
21122102221
11201201020102021
12000221220211210122
002222202
02221122
10000011011111100011010100101110110110001101
0102101002111012210
11001201101001221101
02122021002200002
11101110010110110101110100
0211
210010220220202
12200212120020020002110000012211001010200
1211201021220001021010122122012201
21122220002000121120120
0022222020120000210010212
0110010100001011100001001110100011110100011
110110110111100000100001010111111010
02222121002101
0221020111101121
11101010111010011000101100111111
101100100002110
220120211112112121112001
0012112212
11000110000011110
1200022122021121012210012212011110210
021011011222102
11100100101101
2220001002212111222221111021210010202200
012002010211001001112
122002121200200200021100000122110
11001000101100001000011001001100110011
111000111011110110100111
2111122102210
211010122101121
10111001221022121222011121122001
22100011011101212
0001100011
2022202111211021101221110002120101022101121020
0101001010111010001101000100101100100100010111111
02202111111220
2221210022210201001110120202002210122
000101111010010010
0100021
0000212102
1002221012122020200
12000221220211210122100122120111102100200022011
01002121202000000110121111
10101011100101001010101001001110
1010011
1201212120202
01110001010112100011022
0102120221000020111
0121111012011211
2012202110002120
0110010110111
211121210002120
0221110222012
0111011201202121101201002111020220211
0001100011001001011111101001101
02220120110211011010110202220
011110111101010101101100101101001001111
22102212111100
111110101111110000000010010001101010001010
210002120011000021021110002
1212100000122110200210010
222000100221211122222111102121001020
2020011200212122110200210112002121022221211
0100001011101011101011
212121012002002
1011000011100001011001111001100111010011111000000
21202022221
10000110111000111111010010110101111111
1101101000111100110001
012212
0122221222
220100202212002020112102102200211000211222121
11010001011001001110100010000010011100
1001110101000011110110111111011
22221012121
22202110100220122
0120011112011112022102012111
01111101011011111011001000
200002112011120120
1110011101110110111011
2012221200
00111011110100011100010110111000001111010100100
1022121110202001
122002121200200200021100000122110010102001211021
220101022222022012221021201020110222
011101100111
0111111100100111101110000110011100
100001111010111100100001100101110011111101
0111110011110110100010001010101100110
010011100
021011002010
0110101110011000011101
02112102021211
112212111022
111101111110111111
1201
10011011012222011
011110111101010101
000000111101010101011011001010111110010
0111101111010101011011001011010010011110
1100110200011220110200
110111100010011010100101100101101011
0100111001010101
100111
100000100110001111111001100110000110000100011
0212111112020101
12221212221012110221122200200010111120
0100212120200000011012111110102222101
1011101001001001100001000111111
01201201212
102022010102200200010
212011112200012
102100220021102221012110
101001111100100001011000000110111
0012201222
22212100222102010011101
10110000111000010110011110011001110100111110
111100011110
11000110
210002201011222
2122012010100202
00000000000000000000000000
1111
101001110000111
20022010222010200
011000110110101
2121211112001121111121121120200000111201120220
1001100001
00111011110100
21201111220001212000110102101010212
02202220101202
1000000001101110010101011111101101101
12221
0112001102
01000101010
0011000101111110101010100011111111010101
0101022212121220021220121021011222120020020
01100000010100
102201221210120210011101221002211222201000020110
00010110011100100010111101100011000
1202112210010200120122210022102012220111020120
21021002122112020010020012102
010212110002100010212221021122212211101021121
0202022001112111
001020111200121
1021002200211022210121102210020020222222111101110
101010110011120101211
22212100222
111010101110100110001011001111111111
2100122212010200020122100122011022202200220220201
21101100222211
00001001011001100001100
011122110201201020120102220020010201202221220200
120112212112
1020120221211000001122111012020212202202201010011
000100101101101101101111101
001111200101
11012021111200212122200001002112221201200020
110100010110010011101000100000
01021101222
1212101102101120
2210221211110
001100000100111101
00001001011001100001100101100011011100
11200211202211
0101212222102210010200222011122112001022
000111001111111000100100010001101
111001110011
12122
011111000111010111
10102
1211201021220001
02000000102111110110220
000
00101120020021010020120
1211101122120100102011120210010200101122011212121
11110001111001001000111010110000001110100
111100011110010010001110101100000011101
2010221012020201
11100000111002010110200012
011101120120212110120100211102022
210212112100111122100111102122011111200112102100
00000000010010101
121210000012211020
121012022111002
1000011011100011111101001011010111
021110010222000220
1110202022122221110111211120110201212122
00000011011
1000111010001011100100110010001101001110001
0100100022102220100122000212200011
100011010001011011110010100101111010000111110000
0210110020102000200020002002101100221012011122
001011110011010
2000021120111201200122202012
20200012110212020
2120012010122110120222020212012110221200202
102100
111001
012012012122222
100211000001110
00122221022002
000021111121111111
0101212222102210010
000000000100101011011111111110011011010011101
011011010011010001111101101
1112000112212121100110201021210112210210201002012
10100110011211000022200
102021120100220101
1222220100220
0012112212112201112122
0002012121220120
01212202012121122101101021211120002000221120002
01000001111110010
101000011001011001111100000
1220101012001212
12020220000002221
222122121001020211202112211020112001211000210022
112020220111102202
12020201121222100021212102021220201012220001
00200200112
1201112112220
00011101100001010111000101
1100001101101111110100111111001
011111010110111110110010
1110011101110110111011010010111111
11202022011
01011010111001010101000101100100110100110
021110010222000220022
012122020121211221011010212111200
00010010110001220110001100012
11001111010000101100011
0202
200220102220102002121210122000000111220200121221
110100010110010011101000100000100111
011111110010011110111000011001110001101001
001001001101000111111000100
1110110001000101110000100111000000000010100000
020202010212112
1100011000001111
121210000012211020021001002022112221212
2111112222012001001202220012120201221002100002001
21120220201201
0100100110011110110011
1010101110010100101010100100111000
1100001101101111110100111111001111000110111
0010000111101110111100000101001001101101000001111
01111101011011111011001
0212101100000
0000000000000000000000000000000000000000000000
1111001111010001101
011111000111010111100001110111110100101
0211002002110021000222102001022212121120122000211
1022212012121020202011001100001221102110111011221
2222101221211211001110212022121201012111
1201210111112012120011121101220000020221021112101
22210122112112110002120122011102122201102
1010010100100101100
2211112122200122020111020122011201011012211
022112211121
11111000111002001212
000021210221011212010212022122012220202
10210022
1101200120200220122020110112211022221011110120100
20010122211220
110010000100100101001000000111010
120211021001010101101
2111102101202200
12122201021111000201002111200122
1221201122022110210211012212020102100212002
2102100212211202001
12200212120020020002110000012
211000211121100010200
1010111110000010100101100111001100111
0011012210
0121201121012200
120122121211220101121100100122211120121101020
220120211112112121112001002222012000000012212122
22212102
2111211010100022220121221211002120100212120101
1221112222000
1101011121001002202
00202
2210110121211101202220121120121011022212000100
20101021200112111
220
1101011010111010011001101111001110000011101100110
2122000022211000220001102022211200010221022122
11011000111110001101
021210110000002201120
021020021120122
00111120010110202120202002201002212
011001111001001
01111010101101001110001011110111010110110111
0120011200210010210001220010021121222101021101
00111100
110111001100000010110110011110
12110100100221010011122201222010102212222202
0100010001011010101111110001101110101
12012121202022201201010121002122000211202202
1011101001001001100001000111111010011110001101
00110001010111111111011010110000101
2221112221
1110011111111010011111001001100000011110000
22110111212010021120202202120010212210022000210
10022210121220202000020012210120221
101111001110001010011111010100010101001011001
1211212112020211
0000010111110001011110101110010110111011100011011
110001100
1011110011001100111101110
0001111000111101000110000010
22102120200020011
221200120000001122
120012001101110021011
1101010201000211210202112222220002210221221100
11010111001100
02101100201020002000200020021011002210120111220
01111100111101101000100010101011001101110100
111110011100111001000111111100000001110110110110
00101001010101010001010111
122102
0010000111101110111100000101001001101101
110010101000001110
0010111100110101000011011110001
2201202111121121211120010022
02111001022200
0000100101100110000110010110001101110
01001010000000010101011100001110
011101120120212110120100211102
1020201202221011012122120211221222122
1010011001121100002220
200222001112102
122001202222001012
2122012010100
11011010001111001100011100111011111101
001110111100010
110010111100010
012122
120202200000022210
010100010110101111111010110
1011100011010100
021210110000002201120001211121112100211011211
211200011210102010221
0110000000110011001100010010011111101000110100
001200122102211120002121111110210121101221102200
022221010220222
2102101110221111002212
1110101010010010100100110011000000000010010
0012202210012102102111210201022211202220211
10011100
1020120221211000001
1100110000
1211101122120100102011120210010
1212100000122110200
110101
10112022220021022221112020110102202020222
11010000212200200022
001100010101111
111111001110001101000100000111
01100002110022021012
01101001110011
011000011011010110100000001001
101000100000100101110001111110100111001010
202211110102102100111000112
22110002120201210112222211102222211211
2211120022120101222110112200111210221212
1001220212220010112010002112101211122202021102
10010110
0010000100110
00011100111111100010010001000110101110110001101
0001100011001001011
210012221201020
221100100111011102122011001121211102021111202202
1201101110111011010000221220021122021221021020
211110210120220
0100111011000111101010001001011
0122010220102002222100021022012222022222
1022012110000101
101120222200210222211120201101022020202220
0110001011101110011101100001001110100000111110
110011110110
001111000001111110110
001001110
001010101
01001101
2101010210001201112
001110011100011110010001111110001100010000111010
001212000112220101
221022121111
20201001020222001101022000120
00000110110110011
0022221010001122
2211011121201002112020220212001021221002200021
012001111201111202210201211112022110012
222221001110012100120101211110020211122221102
2111202200222121100121012020222201020020202
0001101101010011010001001011110111010010
2201201201011210
11000010022101200212
110022102112021
200220102220102
1111001011100100111010001110
0110000001010000010111111100
101001100112110000222
210012221201020002012210
120211021001010101101022000
01010221210202111012
0111111101000011010010111011101110011000010
0111110110110001010111000100101000100011100111
010021212020000001
220101022222
011101100111110000011
000021210221011212010212022122012220
1122011010011200010002
21200211210222211222202202120110102001120
2110101221011211011222220021212221222
002011202
0000
0101112100202110010121000102200222002200100122122
1110011101110110111011010010111111100111000
0110000000110
1000000001101110010101011111101
1101110001001000011010011011111101000010
01212202012121122101101021211120
0110001011101110011101100001001
1000112200000100200112200
1011000010001111001111
221100021202012
21112110011221012221
1021022100200220212202212012200210112220021
2010011112022101022102111111201111220200200121110
0001111000
1000110100010110111100101001011
120002212202112101221001221201111021
12200120222200101201000102110020
00002121022101121201021202212201222
2221001201000220101021121
001110101101111110
10101202010112022
2002110010002211021
1211101122120100102011120210010200101122011212
12122201021111000201002111200122022
10100110001000100101000100001001110100111110010
120022001
10202122020112
2011
2002000200222112
2110002111211000102
100102022
112020220111102
11110111111011
02101100201020002
2012211210
1120100202200212
02100201212121222222012012212122212
11010112211212
221012021111221122201112110000012202112011101
0222112220011
0110110111100100000101011000111100100101
2220102120121
22212212100102021120211221102011200121
000011101
01010101121000201211010
20011
021210110000002201120001211121112100211011
01100111101001111111010001
11100110011111110
01101101111111101010101100111
200212022110210
11010110101110100110011011
00202221212110
0212101100
02101100201
0110011
11000111100011100000001111111
0111112112110201
1000110100010110111100101001011110100001
02010122210212
000000000000000000000000
01101101111
00001110100
02220221122021202200102001102122110122121
02010101100221000100112
120212
222122121001020211202112211020112001211000210
101100110001100001
2201000102212121021022120121112212211121
202211110102102
222121002
11110011110100011011111
0200200112122201
010110011001000101
20011020100020000020001220
011110101010011010000100000100
222000100221211122222111102121001020220022
10121212010212
200101
001110111101
10000122001221122020112002001220022002201121100
020111120
110010101000001110110100010111110100110
1111111100001111
01001211212110012
01100001001
20020002002221122201201111200010111202021112022
10200112010020022201021202201022002120112022202
0001002002012
20022002
2121200110201020120210102120111202201101101200122
00111010
0010100010010010111
0110001001001000111
12211122220000012012010210221100201112110020122
00002121022101121201021202212201222020200
112210111120201
0110100111001100100111001001000111010010101100011
02121011000000220112000121112
01102210221121
0020222210221
22121111111120122121022211201201202021010
002212000002200221
1112022020001111000101221112101212210211022
211120002221221221221221122111001020020100
0201010202200020010000021
110210122011121
2002201022201020
012102201000100020112
22211022022
2120021121022
102100220021102221012110221002002022222211110111
00010110011100100010
1100110
10000000111
101221201201202212001202210221002112122011
2200011021102112110002221110012200220202221012
120111210202000112111
10210201022112221
1100111012100002221
2100021200
0210220100
101000111110111001010101001000000001
021110010222000
011010000001100000001011011111001111100101
0111001101101
121120102122000102101012212
020212211212221011010010222211001021022110102
12122021010112
21100212211210
012010121211
00010101010110001011101011110001
20000211201112012
1121202121102012221211010220221222120100
011000000101
0202120120022002
0212012010100020220
1111101011100101010
2221001201000220101021121201211202200121201
00122222200201222002222012221220022012200120101
11001102000112201102
111202202000111100010122111
222000200012002201
20201001020
0011000101011111111101101
2200011021102112
02121011
11010110010101011111001111010110
22212100222102010011101202020022101221111
20021202211021
222012020220210110200120122001202220121112001
1120202201111022021220200210010020110211001
110001100000111100
120211221001020012012221002210201222011102012
121210110210112
0101212222102210010200222011122112001022120010220
20010110112201221021
10101110111100111111011000111111001
2010012020110000122222020120111200222121202010200
012200122020002011
1022000220111202
102101201001101000112010200200220101012000112120
22010121021221210012001
0110101
02202220101202112212220021101200001111222200
10202212101011002
1201101110
10021100000111
01001110
100001101111101111100010100100010111
1101000101100100111010001000001001110011100111110
112
102110000020110201
00000
0001011001110010001011110
1112002210222
001100001102111220111
22010102222202201222102120102
11021012001011022212222100022012021102111122
0101212222102
12121000001221102002100100202211222121200
1012221211120
001010011010101101101110011101100101
0111111101000011010010
01111011110101010110110010110100100
21120001121010201022112201001212
0011110100010101011101
01112211020120102012010222002001020120222122020
100000110111111000110101001011101101100011010
101111111110001100
00111011110001
220210111200010011222012201010221210002222112
1110100001010001001000100011001100111
102011012110201201222221222002111121121020
2221210022210201001110120202002
0011000011011101000111100000001011101111
10010110100101010001001110010110100001101000100
2221221210010202112021122
1120
02211122011122220000112102022001001122101020
110101100101010111110011110101101111
022202211220
2022010210222
0111110001110101111000011101111
2012110200002122
1022222120101
101000111110111001010101001000000001000
02220120110211011010110202
02121011000000220
0120120121222221122211200210112110220000100110
0000011011011001100000110000011000100010010001
12011121020200011211121112010122121200221
1210021212101002
202211
010000011111100101101011110110010001100
22
1111111111011010110101001010100010000001101
111010001110000001111011111100110011011111010100
20200210202220121101021011212000100212222122
110001002102111112110020112100021112201202112101
0210101222101102
01012122221022100102002
0121011112122001
12221212221012110221122200200010111120111120200
222011000001110221
112000022120010101110
0110001101111
002220211222
020212211212
2100021200110000210211100022210101010
1101100111010010111
11010111001100101001101000011100000
0100010001011010101111110001101
1101110001101
0202120120022002120020202020010
0122112012
1001101011110011110100100010111101
1110101010010010
0000001111010101010110110010101111100101111
102101201001101000112010200200
0011000001001111010101100001100110101100110
000111011000010101110001010110101011011
110101020100021121020211222222000221022122110
002010212101000011
11120220200011110001012211121012122102110
01111100111
0101001001
2100102202202021000021122001212021112100220212
2110120022221220
010111100000100010101111
010010011
01200102202011022
0000111100
0010110011011111011110110110110
00000001111
21021011102211110022121102121020200
122211002011111200201020110210112211220100120220
0202101212101012
10111100110011001111011101100011110100001
2222120120121100110101001220111202101012020202002
1101202111120021212220000100211222120120002000121
22212102022221100010110020221
111001001011011001011
1011000010001111
100010101000000010100101010011010010111001101100
01110102220112110
000212210
1001011010010101000100111001011010000110100010
1102112201211001
11100111011101101
012111101201121101122111101020220112112012011002
0202112102122
202001000212221012021120111022210212100112020011
101001100010001001010
010210100211101221
00001111
1011110001101011001111100000001101000100101000111
020101200002202221201200001021220212202212
00002121022101121
101001110000111100111110011000001001001010101011
201122
1211101122120100102011120
110110110111100000100001010111111010011011
00101111001101010000110111100010
202220211121
11111111011011010011100101100001
20221111010210210011100
0222012011021101101011020222010220210
22101101212111
01110112012021211012010021110202202111210
020101200002202
2002121220220
11100100101101100101100
2201202111121121211120010
0100111001010101111110000101111110
000021120222
0110010101000111100111
111000000101111
2011120212120010001220201
01001001100111101100111111011000000110000110101
0000000000000000000000000000000000000000
120111210202000112111211120101221212002211102
1020122020111221110
01201201212222211222112
0101212222102210010200222011122112001022120010
000011110010100010110011110011010101110
00011100001110010011010101110111011110101011111
2210210200110112201100220121220202110111111112
02222012120011
200101101122012210212211010002111120002221101202
12200120
0000011011011001100000110000011000
1112022020001
102021220201121202001202011010021102221222002
0110110111100
101110012210221212220111211220010200022200
0110001101101011111
00000110110
11000100210211111211002011210002111220120
01000000100101010101001101110111100
11001100000
0012111221010011020
202010010212012110
2211000212020121011222221110
1212220102111
100110101111001111010010001011110101111
101110012210221212
1111100011111001101111
0011111101000111011
1001101
1201122202220001111221201101111211110210212
1101010000110001010110110101000000011110011
011001011011111101000111111010011010111111
22200010022121112222211110212100102
0210012122212
0010000111101110
10001101000
000220211001110122
01012202012202221220000102100122201000012212121
21100021112110001020
1112111111021020
01001110010101011111100001011111100000010001101
0001011001110010001
01001001010
0010101010
22200010022121112222211110212100102022
020101200002
12110100100221010011122201222010102212222
11010001011001001110100010000
0110001001100001111100101
11100000001111010111001
2002012222021
102020221010210010122212221121012022122002
0111101111
1100111101100
2201122201120112221002121120002012011010110110020
0200101
020120111011012020010
221100021202012101122222111
101110012210221212220111211220010
200010022120121002000
101000011111100000011101
12001
2012110222010121102222010202201122210100002011
202220101102111
111021101011122101200122202112212222112001
011000000011001100110
01111100111101101000100010101
10011001
2000012221011022
21021002
10000000011011100101
00011101100001010111000101011010101101100010111
1221020102100122012120210211112100201020
2111200022212
0202110202101
011000100110000111110010101111
1212100000122110200210010020221122212120020001010
12221212221012110221
0201012221021200
0201012000022022212012000010212
1111012000111022020
20020121120020000210
222000100221211
0220211211001111
100011220000010020011220
0001001011011011
222121020222211000101100202210
001000000011110000011111001100000011110
122221101211
1011100122102212122201112112200102000222000
11200002212001010111
01010001011010111111101011
200211111020210200
101112021000012121
0111011201202121
1021012010011010001
00000011011100011100100101101010111011010111010
011111100000100101111100111
011111110010011110111000011001110
22212100222102010011101202
0101001010010001110
10221211110022
000010010110
01101110001110111000011100000101
1111111111011010110101001010100
010011100101010111111000010111111
20021022202102
020220112201012
2201211211020001
1100101111000100000
110110
1220012022220010120
100211000001110010120020222102000022012110
0011101
12200212120020020002110000012211
000220112220220
021010122210110200
210000020122222
110010001011000010000110010011
10100001100101100111110
21021002122112020010
0000000000000000000000000000
10111001221022121222011121122001020002220
1100110000011001010100011001010111
0011000101011111111101101011000010110110111110
0111100011011
0022001112012220
01222212
1110001010100011101011111011101000110111
212002100120011021
100111001011000010000110101101011
122002121200200200021100000122110010102
11200220000112000022
122010122020111
220101210212212100120010010100211012101010022000
00000000010010101101111111
22110002
010000010111110001101011100100101
022111220111222200001121020220010011
1021202012112001
11101110001010010101011001010011010011100110001
0100212120200000011012111110102
2110021221121002012120000012021211212220221
2011220100110202221
000001010010010
2200100112020221
0122120010212020
02211221112101022111121021222220122002
221200122202
0212001012211002201010002222221222110122100101
11101010100100101001001100110000000000100101111
01100010111011
0102112000112122
000001011011100101100101111101
10221121011200021102
102012202011122111
001010212200121100101
2021020022221
2102111120221
12011121020200011211121112010
0111000000000100111010100111
00011000111101101101001011100000010011011
1112011200010221200211121022201010121001020220220
11001120101011111222010122120200211012122020112
0011001110010011
2010021110101121002
201200100222220
2011201221102122220221220121202021110020
0121220201212
201120122110212222022122012120202111002
010121222210221001020022201112211200102212001
102122100222100
0001210000200211000110210100
20111202121200100
10102000211000
10110010100121020122
02000000102111110110220000
10022210121220
1011110001101
101111001100110011110111011000111101000010
0202120120022002120020202020010212102022122220210
00000000000000000000
22211
101222121112
11012021111200212122200001002112221201
12121000001221102
020000122121002100200
201202202020121011221000121201100122202021101002
100000100110001111
1022000220111202222210202110101200121011121012
1202010002002002210010
10100111110010000101100000011011111100111101
111110011100111001000111111100000001110110
101000001100010010100111000011000110010001
1112022020001111000101221112101
10022210121220202000
120110111011101101000022122002112202122102102022
111201120001022120021112102220101012100102022022
111011011100000001101000100100000000100001010
1011010001100010011010010001
02101211
02020200110112120010
1101202111120021212220000100211222
000100001011101100101110011110101110000111010001
11101010011011001001010110011111100
10222212211
1001110000000100100101000010111
0110110100110100
1021221002221000
211112210221
01001110010101011111
2110002111211000102000
10221010222110211102201220110011111001021121121
01100001101101011010000000100111011
22122101221
101000011001011001
210112221100011010222000012212121212221101101
220101210212212100120010010100211012101010
122222010022
21021011102211110022121102
1111010011110010101010010111001001011000011110111
01000111
1120200010012110010102
01111101011011111011001000110110001001110
1212200010220102
0111001
2201010222
2100111012010222
22020111201201210002210221010100212022022012002
100011010001011011110010
02101100201020002000200020
12011011200211122012111212122001112200200010121
112020102112212002101120010111121000121112012000
1012201210000001221
1011100122102212122201112112200102000222
10121110212101102200021100112201222220011101211
11100011101111011010011100111110100000001101111
001101101000110111100010
1101100
2100012120202020010
0222112220011102200111022
1110000001011110010100111100110
1011000011100001011001111001100111010011111
121101001002210100111222012220101022122222020
1000001101
21112110101000222201212212110021201002121201010
122120120122
12122201021111000201
1220021212002002000211000001221100
100011010001011011110010100101111010000111110
2010101012
100011010
11012021111200212122200001002
11100111111110100
000102100112
021022210220110
000100101101101101101111101010110111000100011111
11000111100011100000001111111011101
120111210202000112111211120101221212002211102121
211
2020100102022200110102200012
12011011101110110100002
101100001110000101
00010000101110110010111001
00100000010010100100000100010010
0102112000112122110202211112220102110202011021
200001222101102220111222121111012101011220120
022022201012021122122200211012000011112222
1110100011010100101001010001101100
10012012200020212
0211100102220002200
202001120021212
0222210102202221000002020201
212211202111
11001110121000022210
12022102100021011
0001111000111101000110000010111100
0121220
01212011210122
011111011011000101011100010010
1110211010111221
01001010010
12111011221201
0000111010010010100101011100
10110000111000010110011110011001
022021212202
110111001100000010110110
0121220201212112210110102121112
001222222002012220022220122212200220122001
001000000100101001000001000100101111
22002202212200201
002002112021210212212122011212212201202
111110101110010101
0010000001001010010000010001001011111100000011
12210201021001220121202102
002222202012000021001021221001
10010000111001100010110000100010000101000101
2221001
11021221001122
11111001110
022121101110120100
10221211102000022122211222221222010102100
02222101022022210000020202012011112
1111001111010001101111111000000000110
12111011
212001201012211
1212000012100210220210010212101202210210021021202
1221020
111001110111011011101101001011
0001010010011110100000001010000110000110101
1221201201220
1012221110200201
2020100102022
0001011110100100101001111000110100
021011002010200020002000200210110022101201112200
210002120
220000102200112100101
012001
021020001211111111
011022221100022
21021211210011112210011110212201111120011210210
20000211201112012001222020120221110001
2100120000100222111
000020012100102112102200021221012021102022021222
21212022001102
2221221210010202112021122110201120
202002212002111
0211011101
111001110111011011101101001011111110011100
220201112012012100022102210101002120220220120020
0121111012011211011221111010202201121120120110020
001100010101111111110110101100001011011011111
11111001110011100100
022211
111110101110010101000000111101100011
01110112012021211012
20100120201100001222220201201112002221212020102
1110111001011011010111010010010001000100
011010011100110010011100100100011
10022210121220202
10210120100110100011201020020022
20011020100020000020001220011011
0211100102220
211200011210102010221122010012120
1212101
02022210122021111020110122210022102010200021012
00221200211121001201122222100110111221110101201
1001000011
11000111100011100000001111111011101110011
012012012122222112221120
2012110222010121102222010202201122210100002011000
001211122101001102
02121011000000
1100011
000000000000000000000000000000000000
1010101
210002120011000021021110002221010101022
022212110002200100
111000111011110110100111001111
0000000101101010110100
01011110001010100001110001
010211211200221211
1111001011100100111
210001212020202001
1110000001011110
101001010010010110000001110101110100
11001000010
0120122
22211220201210210002212002000220211121111120
0121222002202211211102211122212211000012
10202000101212001210
022021111112200
10212212110111211221201202011012212012120
202211110102102100111000112120011120
00100000001111000001111100110
1010000110010110011111
0201012000022022212012000010212202
102212111020000221222112222212220101021
11011100110000001011011001111
020212012002
1201112102020001121112111201012212
20121211011121000
1201112
00001110100100101001010111
100222200112012
01021001120211220
010000011111100101101011110110010001100011011
212010000212100211
0000011011011001100
220101022222022
10001010111011
21000212111221
10100111000011110011111001100000100100101
210212
0010110011011111011110110
0011112001011020212020200
222112202012102100022120020002202111211111200
00121
022000222002110011
10000122001221
01001010001
120110111011101
1101100111010010111000001001101100100110
02121011000000220112000121
201011120121000112
200222001112102112212010201201020002221221002
01010101
11011100110000001011011
22212212100102021120211221102011200121100021
100001220012211220201120020012200220022011211
11011
100222101212202020000
10011101010000111101101111110111111
01111001100010000011110011010110
11111000111110011011111001011
0101001010
011110
20011020100020000020001
01000100101
000000000000000
01001000221022201001220002122000110
11101000110101001010010100011011000
01202210222200110010212202210002010101112011222
02221122200111022001110222020
10100010011010101
1110101011101001100010
0021022110020211010
201212
2211111111220
00111120010110202120
10001122000001002001122
001000010011
000110001111011011010010
12020100020020022100100
00022021100111012200
100000001111001011010000000010100110100101
0200000010211111011022000
01110100011110010010001010
011111110010011110
11111000111110011
10100110011211000022200101220212102222220112022
01212111011110201
12201012202011100
012122020121211221011010212111200020002211
22200010022121112222211110212
0000000000000000000000000000000000
11101101100111101
01110000000101001011011010010
20000122210110222011122212111101210101122012
110111001100000010
10022210
01201
2112222000
212201201010020202002020010020210011010022211212
120111211222
11202010211221
011000000101000001011111110
00221221222202
10001012220020012101
2102222212
11111000111110011011111001011000000100111
22121110201120
1220102021102011
101220121000000122120221111222120001012020112021
0111011201202121101201002111020220
1101202111120021212220000100211222120120002000
2200221020122010001102010112222202010121012000220
00111100000
000010010110011000011001011000110111
21001121121022
00000000010010101101111111111001101101
000000000000000000000000000000000000000000
121101001002210100111
12011002112212220
010000001001010101010011011101111000100111
211200011
120021101010220021
111111000001110011100011110100110111101101011
1000110020112212001110122220022100100022102112122
1010010100100101100000011101011101
01100000001100
0011110000
10111000110101
02111001022200022002200202
12010221020000011201
1001221200210202
0110010100001011100001001110
111001111111101001111100100110000001111
000000000000000000000000000000000
020120112202122011
1101000101100100111010001000
011111000111
1010201210202112020002210111212022212112210221
1021012010011010001120102002
02112211002
00122222200201
002100101002112010
11011100011011110100
101101000110001001101001000100
0110101110011
010101110110001001100000101001001101110010111101
20121211011121
0011000011011101
0010100110101011011011
1011011111
00121122121122011121
210221110211101
2201202111
100001020001012011102102
10011000011000111
1112022020001111000101221112101212210211
2112210222100110022022121200202200111100111021
10220002201112022222102021101012001210111210120
01111010101101001110001011110111
00210002101222111
2120021121022221122220220212011010200112000
2010002000122201201
101212120102120
101010111001010010101010
22212212100102021120211
101100001110000101100111100110011101001111100000
1110202022122
0210221112202
1001110000
2201012102122121001200100
2221020111022
222200001010101001212211001002222222001202111021
2020221210210112102222110011211122102202
010010100001
21101100120210111221222101120110022120120002021
02101010002021101
0001010111001000001101111101011001110011100001010
01101001110011001001110010010001110100101
000011101001001010010101110
11101
11100111011
111111110000111100
0001100010101011010100001100001100000010110
111012120021002101
01000110010000100110110100010000100
001211221211220111212211002220
22212212100102021120211221102011200
120201000200200221001
210210111022111100221211021210
20021201121022
1020011201002002220
201211020000212211221001122002100111201221001112
10122212111201012020011122111020220202200202
10201210112102012201
220112220112011222100212112000201201101011011002
12221100201111120020102011021011221122010012022
0012100011001220212
012222211122012112102001222120110201011021
111110110100
000111100011110100011000001
10011100101100001000011010110101111110111001
11010110101110100110011011110011100000111
121101001002210
000111100011110100011000001011110
001010001001001011110010110101101
11101111011111100001000011001000011000100
2111200022212212212212211221110010200201
001101022001
2202100212121
2201122201120
10011100101100001
110100010110010011101000100000100111001110011111
0010010011
000100101001
0121220201212112210110102121
10100001100101100111110000000000010111001000111
11110001111
1021221211011121122120120201101221201212
101110022222110221010021020111021200211221200110
011000100110000111
11000011011011
01000100010110101011111
0210200012111111110
210210111022111100221211021210202000110021000021
02010112110101122
012222122221222220010210201200221010202
20120010022222011221200200212121122101122
220120211112112121112001002222
010001100111111110001100100011101001000011010110
0222112220011102200111022202010220221002
02010120000220222120120000102122021220221200
2011120212120010001220201201210002
100001101111101111
111111000001110011100011110100110111101
0120101100002001200210011
10022210121220202000020012210120221222110012100
110211021110201200
1202110210010101011010220000101211110
0111110101101111101100100011011000
010010002210222010012200021220001102001210101
11101010011011001001010
10100101
20120220202012
0101111000001000101011110110110010010000110
0220212122020
1110010010110110010110
01100101000010111
00000001011010101101001101110110010111010101011
02021201200220021200202020200102121020
012102222121
220101022222022012221021201020110222201020012
210112221100011010
100101111010001100111110000001110010110101001100
1102122100112202121002220210000212000102001122111
020122221202000
212220020110110100
12210201021001220121202102111121002010200
1211101122
0121022221210
1202110210010101011010220
21122
000111011000010101110001010110101
121220121010021
111001100111
0110011110100111111101000111000001010100001100010
0202112102122202202102121120101002220011010012
120002110212102010
20112201001102022211110122
0012001221022111
11212121122
00212102202112
00110000010011110101011000011001101
002002112021210212212122011212212201202000
2211001001110111021220110011212111020211112022020
0212011122102020200010201200111111202012201110221
010000001001010101010011011101111
22210122112
1000001101111110001101
00111000000011000011001000101101
1101100100110000101001111001001110110101111
10010000120200111122010
01100000010100000101111111
22102212111100220000112222001112001202220210100
011001010000101110000100111
0000100101100110000110
00000110110110011000
012022102222
21100211011222
1100111101100001000010000100011110000100
10001101000101101111001010010111101000011111000
1002221012122020200002001221
1011000011100001011001111001100111010011111000
0101001010010001110100011111100011011010
2221210022210201001110120202002210122111122010102
1100110100111
120121122
1110011001111111
11011001110100101110
2012121101112100
1101011101011001011000011101111100
00000000000000000000000000000000
21122220002000121120120102212
120021101010220021212100220201221121022111102
202211110102102100111000
211222200020001211201201022120122220101210011
01100000001100110011000100100111111010001101
121101001002210100111222012220101022122
10100001100101100111110000000
1101011110110010011011101011100101010110
22221012212112110011102120221212010121110
00020102000200202012101
10011011001010010100111110100010000010111
00220022022121212111
1111102100110011010210
011000100100100011111000000010000100
11102110101112210
00101111001101
0001001011011011011011111010101101
0221220220000102
11111111110110
000021210221011212010212022122012220202002110
100111010100001111011
010010002210222010012200021220001102001210101202
10210221002002202122022120122002101122200210
0022000110120100020000112
11111000111
2112222000200012112012010221201222201012100112002
12111020010102
0111011201202
10000110122
11021102111020120
11111010111001010100000011110
22002210201220
00000200222002010201020
2112000112101020102211220100121202011112
100111000000
11101000111000000111101111110011001101111101010
011011011110
00202222102211220022102112
1210021212101002000
11202010211221200210112001011112
1201112102020001121112111201
2120111
110111000100100001101001101111110100001
10210022002110222101211
21000212
12211022102110
10111001221022121222
0212112220102121
210210021221120200100
01200001202
1000000001101
21021011
0011112001011020212020200220100221222120202021002
0210110020102000200
011022102211212201102010101000222202202111100111
101020121
01010111011000100
10111002222211022101002102011102120021122120011
11101000110101001010010100011011
21011222110001101
000111101110110101010011101101110010111
110010111100010000001101011011011010110
11200002110002212212022211112011100020202021022
01111101011011111011001000110110
12101002010201011221012112200122202121102210101
20201001020222001101022000120201220212
101111001100110011110111
01100120010022012201
111001100111111100
001020000100022
2020
222121020
1101110001101111010001111
1110011111
1012121201021200
1001110010110000100001101011010111111
01100101010001111001111110100000010001100001
0222011002012111
22010121021
10001101101000100001100001101110000011
11001001
12021102100101010110102200
0101212222102210010200222011122112001
011111100000100101111100111011110000111001
2001012002212221011220000020122102222100020122
01021022
021101011122
22111200221201012221101122001112102212120
020020011212220110110122002221122000102122022
2010211010
2012100110112
101211111002212
010101001
1221102210211
21212221012
220100202212002
00010101010110001011101011110001100111
1110011100110
01000010111010111010110000
11110010202201
210221110211101021020002220200000212201212111012
22000000201200000000102211
22010121021221210012001001010021101210101002200
001111000001111
2000021120111201200
101100101001210201220
2011220100110202221111012222
0010110011011111011110110110110011001010
201212012001
0121210112222100210001202012001020120012011111212
12211122220
1010002202221201
021210110000
222102201
101000001100
111011000100010111000010011100000000001010
010102221212122002122012102101122212002002
001100001101110100011110000000101110111111101
012100112011202212202002100110002022220221122
1001110000000100100101000010111110111111
1211201021220001021010122122012201112
00001111001010001011001111001101010111
21000212001100002
201122010011020222111101222220010021101
0211100102220002200220
21101100222211111110222121220022110212011
0011112001011020212020200220100221222
01000110010
2120101111001200102
12110100100221010011122
101000011001011001111100
2112000112101020102211220100121202011
02212120010002201
1012001111121022
200212122022012000222002002012221201210221
200002112
111100
00122222200201222002
2121122011201
001222222002012220022220122212
0012001221022111200021211111102101211012211022
221002202010112
1111000011101
1000022101020222212120120022201220111020022020
1111110000011100111000111101001101
002222202012000021001021221001001222210110
1221020102100
001000011110111011110
100211000001110010120020222
11101000110101001010010100
01111111001
11010111101
120211021001010101101022000010121111
01012
020120222221
101011111000001010010110011100110011111000101
0110000110110101101000000010011101100
00222220201200002100102122100100122221011
0110000011100010010001
11100000010111100
0100212120200000011012
1111100111001110010001111111000000011101101101100
10001101000101101111001
12220110100012012
2221011012112
1000011110101111001000011001011100111
220210020012220
121120102122000102101
011101120120212110120
100101111010001100111
000021210221011212010212022122012
00110000110111010001111000000010111
200212122022
011000110111101000011100
11202010211221200210112001011
11111111000
10100021220112020022211010212102101022221212
0000212102210112120102120221220122202020
20111022222220211001
11011001001100001010011110010011
211111222201
01111011110
02201012
0012001221022111200021211111102101211012211022000
10000110111110
10212210022210002221010011110021122010022112021
1110101011101001100010110011
1212100000122110200210010020221122212120
2122012010100202020020200100202100
11101122010100010112
210210111022111
01200111120111
111111001110001101
0000200121001021121022000212210120211020220212220
20010122211
00111001
0011112001011020212020200220
000121000020021100011021010
0110011000101101
10210111010000110101022
0010100110111000001011011011100110010111011001
00010110011100100010111101100011
000000112221002120020
01100101010001111001111110100
1000011100010111111011110110000010000010010011011
2102121121001111221001111021220111112001121021
22012212011102110112212102001000220012120002202
11001111000000011
01212202012121122101
10100001111110000001110110011001
00000101111100010111101011100101101110111000
0110002201202021002
11111010111111000000001001000110101000101
1120201021122120021011200101111210001211120120
00000000000000000000000000000000000000000000
10211002221
011101100111110000011010001100001110101
020102202020122
22211022022210121012120122121122010112
002222
222121002221020100
100110101111
01000101001
0111110101101111101100100011011000100111
11100011101111011
110110010011000010100111100100111011010
00020210021020011
0000110201002221212101110212002211012120202210021
110110011101
2111200022212212212212211221110010200201000
0110011000101101101011111000100001010101
20202212102101121022221100112111221022020
100002210102022221212012002220122011102002202
2001020202021100021
110111000100100001101001101111
01021021000221100120
02112110
1010201210202112020002210111212022212
00011110001111010001100000101111
1010000111101101110010
022111220111222
22212100222102010
000000110111000111
1100010021021111121100201121000211
0111101010110100111
11010111101100100110
10001101
22000100012021102212211111202221021222211
0010112002002101002012012121211112120222020211002
10110100011000100110100100010
20010122
20112012211021
11001111011000010000100001000111100001001111
121210000012211020021001
01012122221022100102002220111221
0002101220
1110100011100000011110111111001100110111110101
220101022222022012221021201020
02012011101101202001
11120220200011110001
01012001222122100210
0202020011011212001
0120120121222
21120120021121
12102220120020110211001012222221111011021112
0221112201112
2110021221121
1001110
1201101120021112
12201012202011100000
11011000111110001101010111001111
11012001202002201220201101122110222210111101201
011010000001
11001000101100001000011001001100110011110101
00111100000111111011011101001100110000100110100
22210012010002201
102212111020200111101110022200221101002012102122
100222101212202020000200122101202212221100121000
1122101111202010
00210210112112110
000111100011110
000010101110011001101010000011110011010000010100
00011110001111
20121102220101211022220102022011222101000020110
02021201
121210000012211020021001002022112221212002000101
1002221012122020200002001221012022122211
02011101011021210101
000000010110101011010
0010000001001010010000010001001
11001010000111000111011111100
11120220200011110001012211121012122102110222200
2121122011201021110100121120201002120002101022102
1020122
0222012011021101101011020222
00200211202121021221212201121221220120200
00120000122
0201010110022100010011211111122202202120220002221
1002221
1101110001001000011010011
100010101000000010100101010011010010111
111010001101010
01002220202001
22020011
120122121211
2100122212010200
00000011222100212002
22010102021221
1010000110010110011111000
0101010001
100000110111111000110101001011101101
200010022120121002
00012100002002110001102101
11110011110
0020021120212102122121220112122122012020
0212101100000022011200012111211121002
0022221010001122200202010200020102212000122202211
10022210121220202000020012210
1121202121102
11000110000011110001010110
2000021120111201200122202012022111000101220002100
0010101011001001110110111010010010101100
21211220112010
0211011110111000000101201000
0022221201
02211122011122220000112102022001001122
10102002001022210020
000000112001222020201
010010001010
110011
0012120001122201010
1100010021021111121100201
202002102022201211010210112120001002122221220
20011222101
0100000010010101010100110111011110
1011011001010100001001010010010011100001100101
222112022110
20122210120102
12000221220211210122100122120111
10000010011
022121010010102021
110120101120012012
0221112201112222000011210202200100112210102012100
11111100000111001110001111
211222200
0211100102220002200220020220122001
101020
111010
02211112200101002
101011
102012202011122111021110112012
010001100100001001101101000100001000100001011
120002212202112101
111100011110010010001110101100000011101001111
0121220201212112210110102
1010011011010010
00121122121122011121221100222
202010010202220011
02012100122122
011011010011010001111
0120011112011112022102012111120221100121210
00201001
1020211201002201010
0011000011
12000221220211210122100122120111102100
10111011011101100101111
22021120022102210
000111011000010101
111111110
00110011
020210001200202022
010010002
01200111120111120221
1201012000222211212000220200120202200200202012101
00110000110111010001111
0100000010010101010100110111
2201202111121
021101111011100000010120100
0110011110100111111101000111000001010
0100001011
021011002010200020002000200
11100000001111010
01100010011000011111001010111100000100000111
0021001102011120011020
21221010102
02101100201020002000
122000200012022100001
02101012221011020012122000020122101012111022122
2000101222110202121
20020
21022222122202120210120000102110112001221020
0011000001001111010101100001100110101100110110110
101101100010011110100110011100001111101011111010
0020220021012211
10210022002110
0100011001111111100011001000111010010000110101100
2211001001110111021
001000000011110000011111001100
011001010
0012222220020122200222
121110112212010010201112
01111010101001101000010000010000010001100100
00000001111001111
01100011
2002110010002211021221021001201212020122210212
2221122020121021000221200200022021112111112
002200
2001102010002000002000122001101121221112101000011
0100101001001110000011100011
2222002200202
0000011011011001100000
00101001101010110110111001110110010110111
002022221022112200221021122221122101121110
2221221210010
110212210011220
1111000111100
0111001111000011000001011110010110100110
00110001010111111111011010110000101101101
01222221112
110110110111100000100001
21001222120102
022111220111222200001121020220010011221010201210
101000011110110111001001110000001
10200121212000000
01100210020222221212112110112022100111212101
11202010211221200210112001011112100012111201200
2202021212011
000020012100102112102
120202221
0100100022102220100122000212200011020012101012020
02220120110211011010110202220102202100
0001011001110010001011110110001100
111011121110010120001
101010100110010010000100001110
222000200012002201101100220021002111121012222211
0212111112020101222101101201201222200201111011
12112010
122111222200000
222210122121121100111021202212120101211100
101110001101010010100011010001011
21121200121121110101201111020221200210202111002
0022022110011011011
1202201212012
11010102010002112102
1111101011100101010000001111
00101001101110000010110110
10110111110011011
11101001000000010101000111010101011110101
2020002002212012
122010122020111000
11000100210211111211002011210
220120120101121
21000212111221200201220201121220022110111000210
100101111010001100111110000001110010110
11111111000011110
0120121212
0011110000011111101101110100110011000010011010
0110001101111010000111
01012122221022100102002220
011101000111100100100010101001010111100010
1010010100100101100000011101
1010201210202112
00011101
111202202000111100010122111210121221021102222
111110101110010101000000
10111010010010011000010001111110
0020021120212102
100222101212202020000200122101202212221100
11011001110100
100222101212202020000200122101202212221100121
0000000000000000000000
111001111111101001111
110011000
1001000012020011112201
01112021
1111011110
21021002122112020010020012102020010211002021
12011011101110110100002212200211220212
001111200101102021202020
220202002122210120121010210201122010110122102
2001102010002000002000122001101121221112
1120202
21001222120102000
00221200211121001
001110202111200120010
00011110
0020222210221122002210211222211
121222010211110002010021112001220
21021011102211110022121102121
0201012000022022212012000010212202122022120
10000111
001111000001111110110111010011001100001001101
1110100100000001010100011101
122202120101202011212021101210120212201010102
021211122022221211101102002202021102111012
11011100011011110100011111100101
100110101111001111
21110020111001021122120211210212221120021012
1111110000011100111
221112002212
0110011000101101101011
121022001200012011
2201012102122
2100021200110000210211100022210101010222000011
1222220100220210011011012010212222121110022
01111100111101101
221100021202012101122222111022
010102102120100110111
012001120021001021000122001
011011010011010001111101101011010100
10111002222211
2201010222220
100100120120100000011221
0120120121222221122211200
111010001101010010100101
011200221010111111
0100110101011101111
2001102010002000002000122001101121221
0110101110011000011101101101
10111
10000110111110111110001010010001011111000011
0010100101010101000101011111100000010101101
1010101110010100101010100100111
10220122121012021001110122100221122220100002011
101010111001010010101010010011100
111110210011001101021
22111121222001220201110201220112010110122110
1011110000112110221
0011000101011111111
10100111110011001100011001001011110000111011
2000100221201210020
0011101111010001110001011011100000111
10022210121220202000020012210120221222110
002002000201022221
0000000001001010110111
122102010210012201212021021111210020102
0021210220211210111100002212122100002011220222
01221112010001211
1110201011211121
111000000101111001010011110011001001011011101
211221022210
012112020121210
2102200010100211001101
010001010001
11011011100100111111010000000011101100
010000100110
1222121222101211022112220020001011112
10102012102021120200022101112
0001110000111001001101010111011101111010101
101101110011
111111110000
11011100010010000110100110
02120120101000202200
100111001011000010000
0221122020022
1110102022212022022211001002220110120222210
2201202111121121
2111121101010010102
112210212022
20010120022122210112200000201221022221000201220
12222101011021011200
01011121002021
02102000121111111100
12000100221002020021
22010102
1222121222101211022112220020001011112011112020
12110100100221
0010211120002022220201112002012122120220001221
2000021120111201200122202012022
111110011100
2212001222020
21222101212
212121111200112111112112112020000011120112022
10101011200000011010121011
1110100
00000000
1110001011011110011100011011000011010
000021210221011212010212
122212122210121102211222002000101111201111202
111111001010112211
0110000011
201122010011020222111101
20200100021222101
22010121021221210012001001010021101210101
0211210202121110200222222010221121112012
100122021222001
0100101001001110000011100011101101111110111
102101201
22212100222102010011101202020022101
11212021211020122212110102202212221201
012001111201111202210201211112022110012121
0202201122010120
01201201212222211222112002101
01100101101111110100011111101001101011
122111222200
12112010212200010
00220222012010101
1000011110101111001000011001011
020101222102120002011200112012110120011201211212
0100100022102220100122000212
01001001100111101100111111
11010001011001001110100010000010011100111001
100220002202122
0222012011021101101011
11001010
22010121021221210
101100110001100001011001110000101101010011010111
01100010010010001111100000001000010011010000100
0022222020120000210010212210010
2210120211112
110011020001122011020
20010110112201
1212220102111100020100
111010100110110010010101100111111000000
01000000100101010101001101110
010011101100011110101
222100120100022010102112120121120220012
1201202202022
2201012102122121001200100101002110121010100220
01100001001111000000000011101001100111100111
122010122020111000000
0122201000001220021
0000111100101000101100111100110101011101001110
21220120101
20121211011121000102011122112121212202221
0010101001
222121020222211000101
2212001200000011220
111101111110111111101100100100100000111111
1101011101011001011000011101
0101010010
11101010100100101001001100
020210021010012211
0202020102121120
1111001110000110011000000110010110
1101110001101111010001111110010110001100100
110120012020022012202011011221102222101111012010
1010011111001100110001
010021
00
0111000000010101110111110001000001100
11101101110000000110100010
1100010021021111121
01012122221022100102002220111221120010
1002001202
1000110100010110111100101001011110100001111100
0011112001011020212
10110000111000010110011110011001110100111110000
2210221211110022000011222200111200120222021010
0120011200210010210001220010
00002121022101121201021202212201222020200211
1200112102000101211
0011011
1110110111000000011010001001000000001000010101111
2201202111121121211
212201201010020202002020010020210
0020122101120000021001
101100001110000101100111100110011101001111100
0012112212112201112122110022200
110101110101100101100001110111110
101120222200210
200110201000200000200012200
021210110
22101101212111012022201211201210110222120001
1112022020001111000101221112101212210211022220
12211122220000
0001100011101011110011
221012
1100100001001001010010
212002112102222112222022021201101020011200
11101001010100011001010101100101
0000020022200201020102
101220111120202
11000011
1002221012122020200002001221012022122
0222012011021101
1010201210202
000001101101100110
1120200221020011222211210220001101111222210001
11010001011001001110100010
0010100110101011
202201212
00000101101
0202121122201
11110001111001001000111010110
10011101010000111101101111
2201202111121121211120010022220120000000122
11110
1100010021021111121100201121000
101101100010011110100110011100001111
22010022102211
1222121222101211022112220020001011
0020222
10111000211202112
11101010111010011000101100111111111110110001
0000000
1202221020021221012202122210020211120220
012122020121211221011010212111200020002
000011100212110212022221112120121212011222
110110111001
010121222210221001
212020210021111
22120212
22100102100201
00001111001010001011001111001101010111010011100
020111012210102111200101212021222221212201
011000000011001100110001001001111110
011111001111011010001000101010110011011101
001111001110011100111000001011100001010011100110
1022200120000222
2022210000221111202120102101121221021101212
122002121200200200021
2001012221122
01200012110010110210112111222222121220110010022
0111010222011211
000000000000000000000000000000
0001110011111
02220221122
100000010001000001100000011001111001011110
011002012001021001000110011
0021021011211211
110001002102111112110020112100
1202110210010101011010220000
10010020211111111002
0122222111220121121020012221201102010110210
01111111001001111011100001
1112022020001111000101221112101212210
01011110001010100001110001110011
1200022122021121012210012
122110221021101112110211221022222001221
0201222212020
11111100101111101101110111
10022210121
1220021
022221010220222100000202020120111121102112
001000011110111011110000010100100110110100
212211202111122010110120200011020101212021212
11100111001101000010100010011101
10110110001001111010011001110000
000111121020110200120
110101110101100101100001110111110011100001
11110100221000010122
0000001101110001110010010110101011
022110111022021
201212110111210
1222021201012
0010100110101011011011100111
2122200201101101
2201012102122121001200100101002110121010100
0111110101101111101100100
21212001102010201
2020100102022200110
111000111011110110100111001111101000000011
0110100111001100100111
1001110010202022021
21000212001100002102111000222
10010110100001111000001010111111000111010110001
00101000100100101111001011
0211202222101201220012101001001220211112020022
122120100010010221
01010010100100011101000111
1220012022220
000000000000000000000000000000000000000
220000
0000000000
122212122210121102211222002000101111201111
22021002100222
021110010222
2221221210010202
11011001001100001
0121220201212112210110102121112000
1020202210102100101
010100101011101000110100010010110010010001011
001111
011011021200120202
101110
100000000110111001010101111110110110110111
1011111002002222
101000011001011001111100000000
1001110000000
01211202012121
110120211112002121222000010021122212012000200
00101001101110000010
220101210212212100120010010100211012101010022
1000012
01101101001101
10210120100110100011201
0210200211201220
1011100122102
12001012001000120200210
121222010211110002010
211222200020001211201201022120
2110002111211000102000210121222211101212010201220
2201210202112
20010122211220100021
2221210202222
0001010010011110100000001010000110
21112121000212
10110110010101000010010100100100111
02101
010101110110001001100000101001001101
0212101100000022011200
1001011
112212111022200022102100122000222201110101220
112020220111102202122020021001002011021100122
110110001111
1202020112122
1111101101
1110000000111101
10202201010220020001
101101000
2011120212
201222101201020
2001012222210222021202202020011102010022202
211211120200220102
020000001021111101102200
1100010021021111
0210012222110100200000111010202102111221121212012
