00100001111011101111
11
01100010010010001111
11110100111
00011100001110010011010101110111
010101110110001001100000101
0110001001100001111
001100010111111010101010001111
00010010110110110110111110101011011100010001111
000101111
111010010000000101010001110101010111
1010000111010101101010111010011
000100101101101101101111101010110111000100011
101110100100100110000100011111101
0100010011110111011010001101
001010011
10011010111100111101
00000001011010101101
1011000010001111001111011
100111010100001111011011111101111
0000011100000101111
011000110110101111101001111
1011010101011101100010010100111
101011111011
01111010101011001111011
1101101000111100110001110011
0000011011011001100000110000011
0001011001110010001011110110001100010101
1000000001101110010101011111101101101101111111
1110100101010001100101010110010111
1111100011111001101111100101
0101000011010100101100011
001110011100011
10110100011000100110100100010011
101110110111011001011110100101111
0101111000101010000111000111001111
10111100110011001111011101100011
10111010010010011000010001111110100111
0110110111100100000101011000111
1001101100101001010011111010001000001011111011
01110000000101001011011
01111
011110100001101001010111110001111010001010111
100110101111001111010010001011
0111111
0110100111001100100111001001000111
01100110101
0001001010011001101000001110100111000101111101011
0100111001010101111
000000011110011
000110001110101111
0010011101001011
0001010111001000001101111101011
000011110010100010110011110011010101
10000100010110110010000101101010101010110111011
0110101110011000011101101
0110010110111111010001111110100110101111
101011111000001010010110011100110011
10000111101011110010000110010111
10000001000100000110000001100111100101111
10110100011111
110001111000111
01111010101101001110001011
00010010110110110110111110101
111000101101111001110001101100001101011
101000111110111001010101
0010000111101110111
01111111001001111
101100001000111100111
10000000011011
111110110100111010100110101101
000011110010100010110011110011010101110100111
01001101010111
10110111111111000010100000111
011001010111
101110001001010100101001101
110111000110111101000111
0000001101110001110010010110101011101101011
0010000000111
100001101110001111110100101
1010001101010110100000110110101001111
110110001111100011010101110011
0000011010011110101
01010111011000100110000010100100110111
0100010001011010101111
01000100010110101
101101111
011000011
1001110101000011110110111111011111101010110010101
100011011100010010010001000111100111
0001110000111001001101010111011101111010101111
011010010000111100111101010111
111111110001110110010110000001101101
000101001001111010000000101
0001111100101100001101000001001000010110000001101
1010010000111110110110011010110000011
00100001111011101
0010001101101011000111001001001010010101100011101
10110101010111011
0011110000011111101101110100110011000010011010011
111000101101111001110001101100001101
1011100110111
01001110110001111010100010010111100010001101011
101011111000001010010110011
1101011110111
110101111011001001101110101110010101011011101
11011000111
01101101011010110010010100000111000111
101001110000111100111
01011001100100010101011
0101100110010001010101100010100000001011
000001011011100101
11110111
11101000010100010010001000110011001111
00100111
00100100110100011111100010001111
1111110011100011
010100010110101111111010110101110100011
1001110010110000100001101011010111111011100110111
11110000111011100100101010101
111100101001101
10000000101
1000101
1101011110010000010101100011111
00111010000011010010100110111011011111
10000111101011
00111100111001110011100000101110000101
01101101001101000111110110101101010010101
111000101010001110101111
101101101
1000011110101111001000011001011100111111
011000000010001010110011000010100110101000000011
10100110110101010100100100001101
011110111101010101101100101101001001111001111
000000010110101011010011011
11110000111011100100101010101110111010001111
011110111101
0111100000001110110011111100000101000100110111
00011000111010111
01011001100100010101011000101
0000011011
11010111010110010110000111011111
111110101011100011101010101
11010111010110010110000111011111001110000110101
1110110110011110100100000110010011110011100111
011011
1000000010110011000100001011101110110100100111
0100100101
01100000001000101
01110011011011110101
1000011110100101
100000001011001100010000101110111011010010011111
110111100010011010100101
1000100000111011
11100000010111100101001111001100100101101110111
10011100101100001000011010110101111110111
0110010101000111
0011000101
1100011110001110000000111
001000110000011011001001011110101
11110000111011100100101010101110111
010011
10110110010101
100011000101011000000101
0011011011011111001101100010001101100110100010111
10000110111
000011
100000010101101
101110110111011001011110100101
0001110011111110001001000100011
111101111110111111101
01111011110101010110110010110100100111
00111011110100011100010110111
011110101011010011100010111101110101101101110111
100001111010010110111001011010010000001100101
101010100111
1000010101100111100110001110110000100011101111111
111111111101101011010100101
100101100101100101
01111010101
001000011110111
00010101110010000011011
110010001011011001101110010011100101101
0110001001100001111100101011110000010000011110011
0001001011011011011011
110010111100010000001101011011011
111110010110101010001001101100101000101011111
101100001000111100111101
0110110111
00000000010010101101111111111
0001110000111001001101010111011101111
10000000101100110001000010111011101101
11110110100111111000101000110011
00011100001110010011010101110111011
111110011100111001000111111
0110011000101101101011111000100001010101011
000000000100101011011111
011110101011010011100010111
0101111110100110011111011101011
10110111001110101
110010111
000111001111111000100100010001101011
10011010111100111101001000101111010111110101101
011000100110000111110010101
1010100110000110111
0010101
00000010101110011
01111110111000001110101011011011010101001011111
010011100101010111111000010111
10111001101111001111101111011
1001011010101010111110101110001100100010011111111
00100000001111
110111100010011010100101100101101011010111
110110001111100011010101110011111001001000101
1011000010001111001111011100110000010100011001011
0010000100110100011101
1000000001101110010101011111101101
1011011011000001101000101
10100111110010000101100000011011
01001001100111101100111111011
00111110100100101011
1010001001101010110010101110010000101
10100110111010000111
000100001011
011000110110101111101001111001111111000001011
111100101001101011011
1000000011110010110100000000101
1101100111010010111000001001101100100110001000101
11011011100100111111010000000011
01100000001100110011000100100111111
00000000010010101101111111111001101101001110111
11011011011
11111100111000110100010000011100110010011
1001011110100011001111100000011100101
11101001000000010101
00111000000011
11011100110000001011
01010101101111
001110111101000111000101
11110111101010111
001010011010101
10110110010101000010010100100100111000011
1101000100010101000010111000100111
0111110011110110100010001010101
00011000111010111100110101000101010101011
00010111000110010000011
01000001011111000110101110010010110100110111
11011000111110001101010111
001000011110111011110000010100100110110100000111
00011000110010010111111
0010100010010010111100101101011010000110101
111010000101
11111001011010101
1011101101110110010111
11101000110101
101101100101010000100101
111010010000000101
10010110100001111000001010111111000111
1111011111101
110010100001110001110111
011100110110111101011011
11110100111100101010100101110010010110000111101
101111001110001010011111
010011010101110111100100101001000011101010001011
01111111001001111011100001100111
000000011
1100001101101111110100111
0001001001010110111101
000110001110101111001101
00011111001011000011
00101000100100101
111100110101111101
01111100011101011110000111011111010010100111
1101010000110001010110110101000000011
011010111
11110011100001100110000001100101101111
1001001110001000111111100100011111001001001000111
01001000101
000100101101
10000011011111
00000101101110010110010111
0111110101101111101100100011011
00011000111010111100110101000101
010010011001111011001111110110000001100001101
00101010110010011101101110100100101011
0001110000111001001101010111011
11000011100001010101101010111010011011111
0100010101
0011000011011101000111100000001011101111111010111
10000000011011100101010111
100101111
01100001001111000000000011101001100111
0111111101000011010010111011
1110101
110000110111111011
1010011100001111
01111100011101011110000111
10111011011101100101111010010111
00111100111001110011100000101
000111000011100100110101011101110111
1110001110111101101001110011111010000000110111111
1010011111001100110001100100101111
111110011100111001000111
01010101101111100111101101101001110101111
100000000110111001010101111110110110110111111
111111110000111100100111
0111110001110101111000011
111110101110010101000000111101100011011
0110001101101011111010011
11001010100000111
101100001110000101100111
11101001000000010101000111010101011
111010011110011100011000011100111010111011
011010111001100001110110110100111001010001111111
1011000101101101011101
0010000000111100000111110011000000111101
000100101101101
10110110110000011010001010011
101110100100100110000100011111101001111
00110000010011110101011000011001101011001101
0100111011000111101010001001011110001000110101
1110001110111101
000001101101100110000011
11110110100111111000101000110011011110011
1110100111100111000110000111001110101
01100011011010111110100111
11010001000101010000101
1101011110110010011011101
1010011100001111001111
10100111110010000101100000011011111
0100010101000101
111011
0110000110110101101
1111100111001110010001111
101001010010010110000001110101110100100010000111
000101
1110111001011011
011000110101101110000110001101111100010001001111
101001000011111011011001101011
1000110011101000110111
1000100000111
1001111101011101
10101110111
101000100110101011001010111001000010111
01101001110011001001110010010001110100101011
001100010111111010101010001111111101010111
00101010000100000100001001110111
0010100010010010111100101101
0100110101011
0101111000001000101011110110110010010000110111011
0011010101100000101101000011110000001001100100111
0111011
11010111101100100110111010111
0001110110000101011100010101
10100110110001001001101
11001111011000010000100001000111
01110011011011110101101101
011101
11100010110111100111000110110000110101111
1000000100010000011000000110011110010111
00011100001110010011010101
011100000000010011101
11110111111011111110110010010010000011
1110100100000001010100011101010101
001100111
111001001011011001011001110110111
11011011011110000010000101011111101
00011111001011000011010000010010000101100000011
000100101101101101101
11011001001100001010011110010011101101
011000110111101000011100110101000010011101
1111010011
111010010101000110010101011001011101
10000000010001010111
0001011100011001000001100000011
11111111110110101101010010101
001010010101010100010101111
000000000100101011011111111
001011100010000001000010101100011111000111100111
011000100110000111110010101111000001000001111
0110010010010101010011001011
10100111000011110011111
011111000111010111100001110111
101101111110000100000011
00101001101
11110011
0001001011011011011011111
0001111
0110011110100111
11111100111
011011011110010000010101
11001000101100001000011
101011111000001010010110011100110011111
00110101010010011000001101
110110010011000010100111
111101111110111
01101101001101000111110110101
01111101010010011000110111100111
1100101010000011101101000101111
10110000111000010110011110011001110100111
100111010111110011100101011
0111100100010100010111011100101011110101000010101
011100110110111101011
110110110111100000100001010111111010011
0001100011001001011111
0100101000011011111001100001010011101110100101101
1001110101000011
01110011011011110101101101000001010011111
000000000001001100000101
100111010100001111011011
1010101110010100101010100100111000100000101011
1011110011100010100111
001010011010101101101110011
0100010001011010101
111101111
1100101010000011101101000101111101
1011100011010100101000110100010111110101
0001110110000101011
10100011010101101000001101101010011
10110000100011110011110111
000111110010110000110100000100100001011
0011011111000000011100010011
001101111
100111000000010010010100001011111
010000010111
1110000101001101100101
0000000101101
1000010101100111100110001110110000100011101
011111100000100101111100111011110000111
01100110001011011010111
11001000101101100110111001001110010110111
0011100111
10001101000101101111001010010111101000011111
1001110101
1110000001011110010100111
100011010001011011110010100101111
000001101101100110000011000001100010001001000111
00011000110010010111111010011011
0010110001101010011
11111111000111011001011000000110110111
0110000001010000010111111100101000111
1101011001010101111100111
110000110110111111
10011010111100111101001000101111
1111111100001111001001111000011111
111011011001111010010000011001001111
00111111010001110110110010000110011
01111010000110100101011111000111101000101011111
010011100101010111
11010100001100010101101
101111000110101
0001110000111
11110111111011111110110010010010000011111111011
1010011101000001111
1110000000111101011100111
010110011001000101010110001010000000101100011
000101100111001000101111
01100000010100000101111
01100011011010111110100111100111111100000101
111100111101000110111111100000000011
0010100101010101000101011111
0001100101011001110100111011011
10100110101100011
01100010111011100111
011010011
0100011000100111001001110111010011100001011110011
01110011011011110101101
11011001001100001010011110010011101101011
00110001010111111111
001110111100010111000101
111000000101
0001001011
000111100011
00101000111
1010100110110110000100111
10010111101
1000011110101111001000011001011100111111010110101
000111100011110100011000001011
0101011101100010011000001010010011011100101111
000000111
10011110101110010000111110000011
001011000110101
010011010101110111100100101001000011101
0110101110011000011101101101001110010100011111
0100100110011
1110111010011
111100110101111101011001011011111
110001111
01001001100111101
11010111101100100110111010111001010101
011100011001110011101110100110010111001101001101
110101100101010111
01000000100101
1100110011000011010101111111
0111101
110101110101100101100001110111
100000001111001011010000000010100110100101010111
10100010010011001011000101100101100111111110101
100000110111111000110101001011
0100011101010111001010100111110011111011110000101
1100111100000001101100101110011110010110010111
000110001110101111001101010001010101010111
11011011011110000010000101011111101001101111
11001100011011111011011110101
01111110000010010111
0100000101111100011
010000001001010101010011011101111000100111010111
000100101101101101101111
011011100011101110000111000001010010011101
11111111110110101101
01011010110100101111001010111011
0110001101101011
01000100010110101011
0011100000001100001100100010110101000000010000101
1111001111
000110110101001101000100101111
0110111000111
111111110110110100111
1111010011110010101010010111001001011000011
000010011
1011010001100010011010010001001110101
11110110100111111000101000110011011
0100101000011011111001100001010011
10011101010000111101
00100011000001101100100101111010111011
111010010101
1100101
011110101011010011
0011011011011100110111100011011100000111
00000001111001111011010100010110100011111100101
1100100010110000100001100100110011
10111011011101100101
001000011101011000101110101
100011000010101001001111
01000111110110100111010011
00010010010101101111010001100010011111
1111011
01100001101101011010000000100111
10001100111
1111011110101
0111011001111100000110100011000011
1011111111100011001111
0001100011110110110100101110000001001101101010111
01101101111001000001010110001111
011111100101101001001000010101
1101110001101111
01100110001011011
10000000011011100101010111111011011011
10110110110000011
1111011111101111111011001001001000001111111101
0100000111111111101000001111110101101101011111
010100001101010010110001111
10000000111100101101000000001010011010010101
111000111011
1011101101110110010111101001011110001111
1001011001011001010111000000111
0100011000001101110001110100011000100100000111101
10110110001001111010011001110000111110101111
1000011
0010000111
1101100011111000110101011100111
01010010101111
010010100001101111100110000101
010111000001000101101101101
10000000111100101101000000001010011010010101011
01110011011
0110100100001111001111010101110011
100101101010101011111010111000110010001001111
1111011010011111100010100011001101111001101111
1010111110000010100101
111110001111100110111
00110001010111111111011010110000101101101111
010110101110010101010001011001001101001100001011
000100101101101101101111101010110111
0010110011011111011
00101111001101010000110111100010111110101
001010011010101101101110011101100101101110011
1001011010010101000100111001011010000110100010011
0110010010010101
1001110101000011110110111111011111101
01110110011111
00100000010010100100000100010010111111
01111100111101
010010101
0010110101100010101011
1111001111010001101111111
111000101010110000001111111111101000111010111
11100011101111011010011
111010010101000110010101
011110101010110011110110011110110110011011
0110101110011000011
0110000000100010101100110000101001101
00111
0100111001010101111110000101
00010100100111
10000111101011110010000110010111001111110101
100001111010111100100001100101110011111101011
000000111101010101011011
00010010010101101111010001100010011111011
10000010011000111111
01100101101111110100011111
1111011111101111111011001001001000001111111
0000000000001101000001101100001000100110101
1111110000011100111000111
01000110011111111000110010001110100100001101011
10101011
11001100000110010101000110010101111000101011
110111100010011
01101000000110000000101
111101101001111110001010001100110111100110111111
00010100100111101000000010100001100001101
110110001111100011010101110011111
1111011110101011110100101
111110110100111010100110101101011
00011100001110010011010101110111011110101
011101111111101011111010001011100010001101001101
111011000100010111
0110100111
1000001101011101110000110111
010011100101
000100101101101101
1001110101000011110110111
010000001001010101010011011101
010111100000100010101111011011
00110000010011110101
1011110001101011001111100000001101
010101011011111001111011011010011101011
1000001001100011111
111110101111110000000010010001101
0011000001001111010101
111101
1011100110111100111
010111
01001101010111011110010010100100001110101000101
001011100010000001000010101100011
0110100111001100100111001001000111010010101
0011000101011111111101
1111010011110010101
10011010111
1010100110000110111111101011110111010011011
110011001100001101010111
0010000000111100000111
11000011011
01101101111001000001010110001111001001011101111
1111011000011111000001010011111111011
001000110110101
10100111010000011
110101111011101011101
00111100000111111011
0010100000001100111
010011010101
1111110011
0111110101
1110100011100000011110111111
01011010110100101111001010111
10011010111100111101001000101
01001001100111101100111
0100111001010101111110000101111
100111000000010010010100001011111011
1000000011110010110100000000101001101001010101
011100110110111101011011010000010100111111111
0110011000101101101011111
01100111100100110101011111101111011110001000111
011000000010001010110011000010100110101
11001100000110010101000110010101111000101
11110100111100101010100101110010010110000111
10101000000101100110111001100000001111
1010000111
0110000000100010101100110000101001101010000000111
01001010101
1100011000001111000101011000001010011000111001111
1001011010000111
1101
00110011100100111110011010000011
010011010101110111100100101
11100011
1001011010010101000100111001011
0010100101010101000101
010011010101110111
101010000001011001101110011
11111100000111001110001111010011011
00000101111100010111101011100101101110111
111101001111001010101001011100100101
11100000010111100101001111001100100101101
110111000110111101
1100111
11111001011010101000100110110010100010101
00100000001111000001111100110000001111
11100111
0011000001001111010101100001100110101
010001000101
001100010101111111
11111111000011110010011110000111
11100000010111100101
111101001111001010101001011
10100011111
110010111100010000001101011011011010110010111011
01110011011011110101101101000001010011
100000000110111001010101111
101101
00011000111010111100110101000101010101
011010011100110010011100100100011101
11111100000111001110001111010011011110110101
00011000111
0100100110011110110011111101100000011
0110100100001111001111010101
100001111010111
0001110000111001001101
101001101
10100101001001011000000111010111
00000001000101011
0100001011101011101011000001101100000011111
0110111000111011100001110000010100100111
10001111101
1010011100001111001111100110000010010010101
10010111101000110011111000000111
1001111010111001000011111
0011101000001101001010011011
101001101011
01100110001011011010111110001000010101
1110100101010001100101
0001100011101011110011010100010101010101
11110110000111110000010100111111
00011101100001010111000101011
111100111000011001100000011001011011111
11100110011111110011
011111100101101001001000010101111000111011011101
01100010011
0011110011100111001110000010111000010100111
0110010101
01000010111010111010110000011011
0011000001001111
10100001111011011100100111
11110111111
011110101011
0011000101011111111101101011000010110110111
01100011011010111110100111100111111
01010010110000011111000001010110001110100111
0100000010010101010100110111011110001001110101
1011011011000001101000101001100100010101000100101
1000011110101111
1101100111010010111000001001101
1100001101111110110011001000000011111
10011
111111000001110011100011110100110111
000011010010010111101000100001001000101
11111111011011
000111000011100100110101011
11101001010100011
1100110000011001010100011001010111100010101111
11111100111000110100010000011
0001110011111110001001000100011010111011
10110111
011000000101000001011111
011000110110101111101001111001111111
100110101111001111010010001011110101111101011
010001100111111110001100100011
01100011011010111110100111100111
0010100101
010010100100100100111011101
0110001011101110011101100001001110100000111
011110101011010011100010111101110101101
1011011000100111101001100111
11001000101
0101000011001100100001000101011111101
0001001010011001101000001110100111000101111101
1011010001111
10101110111100111
000110001110101111001101010001010101010111011
10100010010011001011
0000001111010101010110110010101111
0100101
0011111101000111011011001000011
100000001111001011
01001110110001111010100010010111
011001100010110110101111100010000101010101101
0001100011101011110011010100010101010101110111
0111011001111100000110100011000011101
10001111100110111
0010110001101010011010000110010111111
0001011100011001000001100000011001010000101
010010011001111
00100000001111000001111
00011110111011010101001110110111
0110110100110100011111011010110101
001110111101000111000101101
00111001110001111001000111111000110001000011101
1010011011101000011111
10101111101101110000111
10111111111000110011110001101000011
00011100001110010011010101110111011110101011
0100010011110100011
1110001110111101101001110011111
000100100101011011110100011000100111
1001110101000011110110111111011111
01101011100110000111011011010011100101000111
010101100001011000010111111110110111001110011101
101010000001011001101
011110010001010001011101110010101
0100011101010111001010100111110011
1000110110100010000110000110111000001100011
110101111011101011101000100101100100000011011101
01101101001101000111110110101101
1111100111
0110011000101101101011111000100001010101011011
0011000101011111
101101000111111
1001000011100110001011000010001000010100010111
0001100011101011
01000110011111111000110010001110100100001101
10101111100000101001011
0111001101
100111010100001111
0110000001010000010111
011000011011
100111000000010010010100001011111011111101100011
111010001110000001111011111100110011011
0101011101100010011000001010010011011100101
11000111100011
00110011100100111
1110001010101100000011111111111010001110101
1110011110101
00110001010111
11111
00011111001011
00100100101
10100111110010000101100000011
10101011100101001010101
01001001010010101
11011100010010000110100110111111
100001101110001111110100101101011111
0111001000101111000011101
110010001011000010000110010011001100111101
0100111
100000000110111001010101
00110001011111101
110111001100000010110110011
0011000101111110101010100011
00101
010001110101011100101
0001101101010011010001001011110111
111011011001111
1111011111101111
10000000010001010111100101111010111011
1111110000011
011001100010110110101111100010000101010101
00001001011001100001100101
110111100010011010100101100101
11101000111
1111011010011111100010100011
1111000111100100100011101
10111000100101010010100110111
11111111
00001111001010001011
010100001101010010110001111001001011
1011110011001100111101
1100011110001110000000111111101
000111001111111000100100010001101011101
001011110011010100001101111000101111
00010100100111101
101110011011110011111011
00011011
00101000101
1101011101011
0011000011011101000111100000001011101
10110110110000011010001010011001000101
11111000111110011011111
100111010100001111011011111101111110101011
0001111011101101010100111011
11001110100111001100001111001101
0111111100100111101110000110011100011
0011110011100111001110000010111000010100111001101
011100110110111101
10111001101
010100101
101001110000111100111110011000001001001010101
0100110101001010101011010000101010100011011111011
001110000000110000110010001011
10001101000101101
1001101011110011110100100010111101011111
0100010001011
1010001101010110100000110110101001111000011011
011100000001010010110110100101111
1111001110000110011000000110010110111110101
011110111101010101101
011001100010110110101
101110011011110011111
0110001101
0101001010111110001001100100100001100001001000111
000101111010010010100111
010011101100011
1011
0011101000001101001010011
101001110000111100111110011
1111011110101011110100101000011001011001110101
11110001111001001000111010110000001110100111
1001011001011001010111000000111000011110011
11101111011111100001000011001000011000100111011
0101000101101011111110101101011101
010011100101010111111
110001111000111000000011111110111011
1110011101110110111011010010111111100111
111101111010101
01111010101011
10000011011111100011010100101110110110001101
1001101011110011110100100010111101011111010110111
011111010100100110001101
1101110011000000101101100111101011001011111011
0110010100001011100001001110100011110100011
111000101
11101010111010011000101100111111
1110101011101001100010110011111111
00000001000101
01111111001001111011
11100100101101
01000001011111
11001000101100001000011001001100110011
111000111011110110100111
100000001111
0010100010010010111100101101011010000110101010011
0111000111011100010111100110010110101
1111111111011010110101
0110111
1110010010110110010110011101101
0001100011
0101001010111010001101000100101100100100010111111
1111100011111001101111100101100000010011
0010101001101001001111
00000111
0111111011100000111010101101
1001011010101
1010011
111110110100111010100110101101011011
000011101001001010010101
110101111011001001101110101
011
00000001111001111011
0110010110111
11110111101010111101001010000110010110011101
11101100011000011100000110101100100111101
00111011110100011100010110111000001111
0001100011001001011111101001101
101000110101011010000011011010100111100001101111
00110000010011110101011000011001101011001101101
00110000110111010001111000000010111011111110101
011110111101010101101100101101001001111
000101100111001000101111011
001100001101110100011
0110001101101011111010011110011111
0100001011101011101011
1111110000011100111000111101
10101111
01010010101110100011010001001011001001000101111
100100111000100011111
10000110111000111111010010110101111111
100101100101100101011
1010011000100010010100010000100111
01001101010010101010110100001010101000110111
1001110101000011110110111111011
01111010101011001111011001111011011
011001011011111101000111
01001101010111011110010010100100001110101
00101001101010110110111
0000001010111001111
100001010110011110011000111011000010001110111
1101010000110001010110110101
1110011101110110111011
011101100111
000011101001001010010101110001000001100101
0100110101011101111001001010010000111
0000000010111010010000111
101010011000011011111110101111
100001111010111100100001100101110011111101
0110101110011000011101
111101111110111111
0111101000011010010101111100011110100010101111111
011110111101010101
111010010000000101010001110101010111101011
110111100010011010100101100101101011
0100111001010101
100111
100000100110001111111001100110000110000100011
00111110100100101011001110000100011111001001111
01100001101101011010000000100111011000111000101
01111001000101000101110111001010111
1011101001001001100001000111111
10110000100011110011
101001111100100001011000000110111
1101010001010100101
11110111101
11000111
1000011011100011111
1111
101001110000111
1000000100010000011000000110011110010111101
1100101010000011101101
1011100010010101001010011011110101110100010001011
0110000000100010101100110000101
011000110110101
100011001110100011011111100111111111110101011
0110001001001000111110000000100001001101
010000010111110001101011100100101101001101
01001010010010010011101110100011
11001100110000110101011111
1000000001101110010101011111101101101
110000110110111111010011111100111
0011000101111110101010100011111111010101
10000110111000111111010010110101
1101111
0010000100110100011101000001110010111000100101
0000000101101010110100110111011001011101010101111
1000000001101110010101
111010101110100110001011001111111111
000001011011100101100101
000100101101101101101111101
01100101000010111000010011101000111101
001100000100111101
1010011111001000010110000001101111
00101100011010100110100001100101111
000111001111111000100100010001101
1101000100010101000010111
00101001010101010001010111111
1011101001001001100001000111
1101000100010101000010111000100111100111
111001110011
011111000111010111
001000010011010001110100000111001011
01100111010001010100101
11111111110110101
01001101010111011
0010100010010010111100101
0011010111111101101011100010000010110111101
10011010111100111101001000101111010111
11111100000111001110001111010011
1100011110001110000000111111101110111001100000101
1000010001011011001000010110101010101011011101111
111100011110010010001110101100000011101
000000000100101011011
10000111101011110010000110010111001111
0111110001110101111000011101111101
000100101
00000000010010101
11110111111011111110110010010010000011111111
0010100000010101000010010001100100001101
0101111110100110011111011101
011111001111
11110011010111110101100101101
1000011011100011111101001011010111
001110100000110100101001101110110111
00000011011
010111000001000101101
1101000101
0110001001100001111100101011
110000110110111111010011111
00110001011111101010101
11001100100001010101
000000000100101011011111111110011011010011101
011011010011010001111101101
11111010111001010100000011
001010101100100111
110100010001010100001011100010011110011100011
0010110001101010011010000110010111111111111
01010010110000011111000001010110001110100111011
0111111001100011110001111011010110010111
00011101100001010111000101
00110001010111111
1110011101110110111011010010111111
0111110101101111101
0111101010110100111000101111011101
10011100000001001001010000101111101111
11001111010000101100011
100000001011001100010000101
01111010101001101
110100010110010011101000100000100111
0100111011000111101
1100011110001110000000111111101110111
1100011000001111000101
1100011000001111
00010000110101
11101000111000000111101111110011
00111111
0100100110011110110011
1100001101101111110100111111001111000110111
110000111000010101011010101110100110111
0010000111101110111100000101001001101101000001111
1100111101100001000010000100011110000100111
011000000010001010110011
1111001111010001101
000001011111000101111
011111000111010111100001110111110100101
100110101
0001101000111101011010111001011110101110011100111
1101100011111000110101011
010010101011011001100010101101110100001110000011
100001111010111100100001100101110011
00001010111
1010011100001111001111100110000010010010101010111
101001111100100001011000000110111111001111011
100011101
1010111110000010100101100111001100111
010011101100011110101000100101
10100111
0100111011
00010010110110110110111
001010010101010100010101
1111111100011101100101100000011011011111
101010000001011001101110011000000011
0111101111010101
01101110001110111
11010111101100100110111
111101100001111100000101001111111101111
10101111100000101001011001110011
001110100000110100101
11011000111110001101
00110011100100111110011
101101000110001001101001000100111010111
01111010101101001110001011110111010110110111
0001101000111101011010111001011110101
1101100011111000110101
11111001110011100100011111110000000111
011110101011010011100010111101110101101101
01100000001100110011000100100111
0100010001011010101111110001101110101
1011101001001001100001000111111010011110001101
00110001010111111111011010110000101
0101001010010001110100011111100011011
0000010111110001011110101110010110111011100011011
01100011011110100001110011
01100010011000011
11101000110101001010010100011
110001100000111100010101
11110010111001001110100011100001011
10110101010111
010001000101101010111111000110111
11011000111110001101010111001111100100100010101
111101111110111111101100100100100000111
11110010100110101101111101001111101
011001111001001101010111
11011110001001101010010110010110101
1110100101
00101001010101010001010111
11111100101111101
1011101101
0010000111101110111100000101001001101101
0100111001100110100010010101110010100011111100101
10000111101001011011100101
110010000100100101001000000111
110111000110111
01101110001110111000011100000101001001110101
11011010001111001100011100111011111101
0110001101011011100001100011011111000100010011
11110001111001001000111
1111111111
0110001001100001111100101011110000010000011
0011000011011
100001111010111100100001100101110011111
111010101110100110001011001111
01111010101011001111011001111
1100101000011
101000011101
110101
000000001011101
0111001101101111010110110100000101001111
001100010101111
1101111000100110101
111111001110001101000100000111
01101001110011
110010001011011001101110010011100101101110011
10011001110010000010101101110111101
00011
010000011111111110100000111111010110110101
111111110110100010010101110110110101
11011010001111001100011100111011111101001110101
1111000011101110010010101010111011101
1110011101110110111
00011100111111100010010001000110101110110001101
0001100011001001011
11111000011111001101011101
10010110100001111000001010111
0110011000101101101
0001001011011
101011111
0100111011000111101010001001011
100111010100001111011011111
1100001110000101010110101011101001101
001010001001001011110010110101101000011
001010101
01001101
011000000011001100110001001001111
10011101010000111101101
0100100110011110110011111
00000110110110011
1010111
100001110001011111101111
1010111110000010100101100111
11011110001001101
001010000001010100001001000110010000110110010011
1110110110011
111111000001110011100011110100110111101101
00010101010110001011101011
11000110001011101
001010011010101101101110011101100101101
000001011111000101111010111001011011101
110011110110000100001000010001111000010011111
0111110110110001010111000100101000100011100111
011101100111110000011
01100101101111110100011111101001101
1001101100101
1000000001101110010101011111101101101101111
0011001110010011111
1100100010110000100001100100110011001111
100010110100111111101
00110011100100111110011010000011101000100010101
1100111101
1110101011
1000000001101110010101011111101
0000011010011110101101101
1011000010001111001111
00011100111111100010010001000110101
1000110100010110111100101001011
010001110101011100101010011111001111
00011111
1110110110011110100100000110010011110011
001100000100111
10011110101
0100101000100110001100010110100000001000010100101
111110101011100011101010101011
110100010110010011
0010100010010010111100101101011
001100010101
1101100011111000110101011100111110010010001010101
11110111111011
111110001111
10001101101000100001100001101110000011000111111
0110110111100100000101011000111100100101
0001110000111001001101010111
0111001101101111010110110100000101001111111
110011101001110011000011110011010010100000111011
001100001101110100011110000000101110111111
011000110110101111101
10111100111000101001111101010001010100101
010011101100011110101000100101111000100011
0000100101100110000110010110001101110010101
001010010101010100010101111110000001010110101
1110100001010001001000100011001100111100100111
000011101
10010111101000110011111
001010101100100111011011
100110101111001111010010001011110101111101
10011101010000111101101111110111111010101
101001111
010010011001111011001111
0100100110011110110011111101100000011000011
001011100011010111110111010100101000010001101101
01101101111111101010101100111
000111000011100100110101011101110111101
010101011
11010110101110100110011011
1010101110010100101010100100111000100000101
1000000001101110010101011111
110011110100001011000111110111011011
111111001110001101000100000111001100100111
10111000110101001010001101000101111
0110011
1111110000011100111000111101001101111011
0001100011101
001100111001001111100110100000111010001000101
11000111100011100000001111111
00000110100111101011011010101101
0100110101011101
01101101111
0001001010011001101000001110100111
10011101
0110110111100100000101
1111111
1100001101101111
11100011101111011010011100111
11101101100111101001000001100100111100111
01100000001000101011
01110111100101
01111001000101
1000101101001111111010000011
1111111100011101100101
1110111
110101101011101001100110111100111
11110011110100011011111
11010111100100000101011000111110000101100110111
010110011001000101
01111100011101011
101111111110001100111100011
111110001111100110111110010110000001001110101
010001111101
010101
011001111001001101010111111011
010101011011111001111011011010011101
011010010000111100111101010111001110010101101
11101110111
001110111101
1111111100001111
11010111101100100110111010111001010101101
01101
00111100000111111
1011011111111
011011010101
0010100010010010111
0110001001001000111
001111110100011
111100111
0110100111001100100111001001000111010010101100011
111110101011
11001100001011111111100011011010100111
01110001110111
01111100011
1010000110010110011111000000000001011100100011111
0010100010100101
0111101010110100111000101111011
110000110110111111010011111100111100011011111
01110010001011110000111010011
01011110001010100001110001110011110010111110111
01011010110100101111001010111011101010110010101
10000000111
0100000101
00101010110010011101101110100100101
0100000010010101
0111110101001001100011011110011111
1000110100010110111
110110100011110011000111001110111111010011
11101000100101100111110010001011
0100111011000111101010001001011110001000110101101
100110111111101010010001110101011101001101
000111011000010101110001010110101011011000101
011010000001100000001011011111001111100101
0110001101101
110011110100001011
111100111101000110111
0111001101101
11000011011011111101001111110011110001101
111100101001101011
111011110111
100111010111110011100101011100011110111
100000110101110111000011011100011
0001100011001001011111101
011000000101
01000101
11110111101010111101
01001001100111
110011101001110011000011110011010010100000111
10011010111100111
0111001101101111010110110100000101
000101001001111010000000101000011000011010101
110110001111100011
0011000101011111111101101
01111111
1111100011111001101111100101100000010011101
1001001110001000111
100110011100100000101011
0101011101
1110001110111101101001110011111010000000110111
010100001101
01111101010010011000110111100111110101101
1111011111101111111011001001001000001111111101101
00011000110010010111111010011011001001000110101
101110110111011001011110100101111000111
1111001110000110011000000110010110111
1101110001001000011010011011111101000010100110101
0110101
010011010100101010101101000010101
100001101111101111100010100100010111
0000000001001010110111111111
010111100010101000011100011100111100101111101
0010110101100010101011011
010001000101101
100111010100001111011011111101111110101
00001111101010000011
01100111101001111111
00000000010010101101111
111010011110011100011000011100111010111
01011010011101111111011011111011010101111
1100110010000101010100010111100100100100101
1111010011110010101010010111001001011
00000000010010101101
001010011010101101101110011101100101
010001000101101010111111000110111010100011
1011011
010101100001011
1110110001000101110000100111
0100110101001010101011010000101010100011011111
0011110100010101011101
1110001110100011
1110000101001101100101011
111101001111
00110001010111111111011010110000101101
00111011110001011
001100010101111111110110101
001000000011110000011111
1110100001010001001000100011001100111
101101111110000100000011111011101
0011000011011101000111100000001011101111
01000100010110101011111100011011
101101110011101010110101001001010000010101
011110101
011011010011010001111101101011010100101
1100110011000011010101111111100001101111100101
0100010011110111011
01011010111
0110000000110011001100010010011111
110101100101010111110011110101101111
10100011111011
0111110001110101111000011101111
111100011110010010001110101100000011101001111101
01101011100110000111
011100111100001100000101111
10100100001111101
000110001100100101
011111
01101101
0001110000111001001101010111011101
00110101011000001011010000111
1111111111011010110101001010100010000001101
01000100010110101011111100011011101
0000100101100110000110010110001101
0111111011100000111010101101101101010100101
01100011011010111
1010000111010101101
0110001101111
1101100111010010111
1101111100100001110101
111010101110100110001011
0100010001011010101111110001101
1101110001101
0111110001110101
01010000110101001011
101001110100000111100100000111000111
1011101010011010011101
110011000001100101010001100101011110001010111111
1001101011110011110100100010111101
000101100111001000101111011000110001010110000111
1100111101100001000010000100011110000100111111
0000001111010101010110110010101111100101111
1001011110100011001111100000011100101101
11111010111111000000001001000110101000101011
11111001110011100100011111
010001100000110111000111
0000010110111
110101000011000101011011010100000001111
000111011000010101110001010110101011011
0010110011011
011001100010110110101111100010000101
00111010110111111000110001000001111
0111101000011010010101111100011110100010101
01111100111
1010011011101000011111100101110100001110001011
1100110000011
010111100000100010101111
010010011
11001100000110010101
1010100110011
1001101101110111001001011001111101101101
00001110100100101
00000001111
010001110111
0110000110110101101000000010011101100011100010111
1101011110110010011011101011100101
111001001011011001011
1011000010001111
10000101011001111001100011101100001000111011111
11100111011101101
101111
101010100111101101
00001111
1011110001101011001111100000001101000100101000111
0101011000010110000101111111101
101001110000111100111110011000001001001010101011
00010010010101
1101111000100110101001011001011
110110110111100000100001010111111010011011
0001111100101100001101
1110000000111101011
111010010000000101010001110101
00000001011010101101001101110110010111
0110010101000111100111
011011011111111010101011001110111
111000000101111
11100110011111
01001001100111101100111111011000000110000110101
0001110100010000100000111000010100011
100101111010001100111110000001110010110101
1110100100000001010100011101010101111
1000011110101111001000011
00001111001010001011001111
000000010110101011010011011101100101
00011100001110010011010101110111011110101011111
11110111111011111110110010010010000011111
1111100111001110010001111111000000011101101
010010011001111011
0001001011011011011011111010101
1000011110101
000111000011100100110101
0110001101101011111
011110101010110011110110011110110110011
001011100010000001000010101100011111000111
1000011100111101110000011100010001000010011
1101100111
1100110011010001100100010011
01110111100010101000011010001010001001001010101
100110101111001111010010001011110101111
110011001100001101010111111110000110111110010111
110010101
1111100011111001101111
10001100101
011111110010011
0011111101000111011
1001101
1101011110111010111010001001011
01001110110001111
100111010111110011100101011100011110111011
111010010101000110010101011001011
1101010000110001010110110101000000011110011
011001011011111101000111111010011010111111
110101111001000001010110001111100001011001101
00000101101110010110010111110100100001001000101
01110110011111000001101000110000111
010000001001010101
0011000011011101000111100000001011101111111
10010110101010101111101011100011001000100111111
010001000011001100101001101001011010011000101
01001110010101011111100001011111100000010001101
1111110000011100111000111101001101111
01100101101
111101001111001010101
10101000000101100110111
0110001001100001111100101
011110101011010011100010111101
10100001111011011
110101111011001001101
0111101111
1101101000110010100010101110110011100110101
111101111010101111010010100001100101
0000011
101000011111100000011101
011001011011111
01111100111101101000100010101
1111100011111001101
10000000011011100101
00011101100001010111000101011010101101100010111
1111101011111
00000001011010101101001101110110010111010101
010100001100110010000100010101111110111
011000100110000111110010101111
0000011011011
110011110000000110110010111
0001001011011011
0010111000100000010000101011
1111000011101110010010101010111
0011111
001111110100011101101
1110001110111101101001110011
01010001011010111111101011
00010010110110110110111110101011011
01110000000001001110101001111110100001101
001111101001001010110011100001000111110010011
000111000011100100110101011101
100011111001101
001010011010101101101
011111100000100101111100111
00101100011010100110100001100101111111111
100101000001100000011010010100101111110111011
011001100010110110101111
01101110001110111000011100000101
010011100101010111111000010111111
11100110011111111101011011
0111011110001010100001101
1000011011100011111101001011010111111111
01010111
0011101
111111111101
00011100001110010011
01111110011000111100011110110101100101
110010001011000010000110010011
1101011110110010011011101011100101010110111
11101001000000010101000111
1010111011110011111101100011
1100110000011001010100011001010111
0110011110010011010101111110111101111
0111100011011
1101101110010011111
1010010001110110001011001001000100100010111
10010011100010001111111
1010100110000110111111101011110111
111100001110111
1110001010100011101011111011101000110111
00101001010101
100110011100100000101011011
110001111000111000000011111
100111001011000010000110101101011
0110110101011010101010001001010110101
111000111010001100001000011011111001000001011
01110011011011
00000000010010101101111111
010000010111110001101011100100101
111100011110010010001110101
1001110000000100100101000010111110111111011
1011011001010100001001010010010011
0000000001001010110111111111100110110100111
11010111100100000101011000111
11101010100100101001001100110000000000100101111
000100001011101100101110011110101110000111
01100010111011
000001011011100101100101111101
0110000110110101101000000010011101100011
1010100000010110011011100110000000111100000011
0100011101010111001010100111
01011111101001100111110111010111111
0111000000000100111010100111
01101011100110000111011011
010111111010011001111101110101111
00011000111101101101001011100000010011011
0011001110010011
1010011111001000010110000001101111110011
100101101001010100010011
110001111000111000000011
110110111
0001110110000101011100010101101010110110001011
011001010000101
10000000011011100101010111111011
000110001100100101111110100110110010010001101
0100010011110111
10100010000010010111000111
1011110001101
0001001011011011011
10000000101100110001000010111011
10000010011000111111100110011
011100011101
10000001010110110001010100100001010001010001101
1111100111001110010001111111000000011101101101
100000100110001111
001010010101
101001010010010110000001110101
10100111110010000101100000011011111100111101
1101100011111
01001110110001111010100010010111100010001101
011010011100110010011
0100011101
0100011111011010011101
001010001001001011110010110101101000011010101
111100001110111001001010101011101
0010111100110101000011011110001011
1001110000000100100101000010111
1010011011010101010010010000110111
01001110010101011111
1000000001101110010101011
01100001101101011010000000100111011
001010011011
10011101010000111
1011101101110110010111101001011110001111001111
01001010000110111110011000010100111011101
1111000111
101110101001101001110110001101
1111011111101111111011001001001000001111
1100110010000101010100010111100100100100101011
011110111101010101101100101
100101
1111010011110010101010010111001001011000011110111
01000111
00110000110111010001111000000010111011
0000011010011110101101101010110100011
11001111010000101100011111011
10100110111
0001001001010110111101000110001001111101111
101110110111
11100011101
11100011101111011010011100111110100000001101111
0000100101
0111110101101111101100100011
1110110110011110100100000110010011
001100001101
1011000011100001011001111001100111010011111
1000001101
100000000110111
0011110011100111001110000010111
00101010011010010011
011100000001010010110110100101111111011
0011010111111101
11110011100001100110000001100101101111101
000100101101101101101111101010110111000100011111
11000111100011100000001111111011101
10101110111100111111011
1000110000101010010011111000100000110100111101
111101001111001010101001011100100101100001111
00011000110010010111111010011
1010010100100101
01100000001000101011001100001010011
101100001110000101
11001000101101100110111
110010111100010000001101011
1000000011110010110100000000101001101
1001101011110011110100100010111101011
10000000011
011000110110101111101001111001111
0011110000011
001000000011110000011111001100000011110101
101100001000111
1111111100001111001001111000011111001010000101
100110110010100101001111101
011100110110111
00100001111
001110111101000111
00110110110111110011011000100011011001101000101
1111100011
001000000100101001000001000100101111
111110101110010101
0010000001001010010000010001001011111100000011
101101111110000100000011111011101100010011001101
100011111001101110011011
100111010111110011100101
10010000111001100010110000100010000101000101
111001100111111100111010001010001101
110101111
010001110101011100101010011111
1111110000011100111000111101001101111011010111
1011110001101011001111
101001101100010010011010100111
011001111
00110000110111010001111000000010111011111
111001110111011011101101001011
01100011011
0001010010011110100000001010000110000110101
000111000011
1100110000101111111110001101101
010010010100101
001110101101111
11110000111
1111000011101110010010101
1000110000101010010011
10100000101111
10100101001001011000000111
0100011000100111001001110111010011
101000001011
101000111
011100000001010010110110100101111111011000111111
001010011010101101101110011101
1001101101110111001001011001111101
01010101101111100111101101
01010101101111100111
00000000010010101101111111111001101
000001010010010101100100000100011111011011
0100111011000111
1101111000100110101001011001011010110101111
111000111011110110100111001111101000000011011111
1111100111001110010001111111
011110111
001100010101111111110110101100001011011011111
110110001111100011010101
111110101110010101000000111101100011
011010011100110010011100100100011
10000011011111100011010100101110110110001101011
100110000110001111101111
1011111111
111110011100111
1001000011
01001010101101100110001010110111
0010100110101011011011100111011001011
000111001111111000100100010001101011101100011011
10100111000011
01101011100110000111011011010011100101000111111
11111111000011
011011010011010001111101
11000111100011100000001111111011101110011
1100011
100001111
1010101
001100111001001111100110100000111
111000111011110110100111001111
00011000111010111100110101
0010111000110101111101110101
11100011101111
001111010001010101110110110000001100101
1111001011100100111
111111000001110011100011
000110001111011011
10111001101111001111101111011011010101
1111000111100100100011101011000000111
0111011001111100000110100011000011101011
01111010101011001111011001111011
0110101110011000011101101101001110010100011
001011010110001010101101111
100000010001000001100000011001111001011110101
1010000110010110011111
111101111010101111
01110000000101001011011010010111111101100011
11011100110000001011011001111
010001000101101010111
001100111001001111100110100000111010001000101011
001111010001010101110110110000001100101000011
1000001001100011111110011
1100011110001110000000111111
00001110100100101001010111
1111100101101010100010011011001010001010111
100100001110011000101
00010101110010000011011111010110011100111
010000011111100101101011110110010001100011011
10001010111011
110110100011110011000111
10100111000011110011111001100000100100101
101000001011110010000111
110001100000111100010101100000101001100011100111
1001100111
11100010101000111010111110111
11011011
00111101000101
0001101101010011010001001011110111010010100100111
1011101101110110010111101
111000111010001100001000011011111001000001011011
001001000010101
01010101
11011100110000001011011
0011111010010010101100111000010001111
100111110101110111
101
00000101111100010111101011100101
11011
0010100110101011011011100111011
10011101010000111101101111110111111
0011001110010011111001101
11111000111110011011111001011
00000101
10001100111010001101111110011111111
01000100101
111111
00111110100100101011001110000100011
00101000100100101111001011010110100001101
111000111011110110100111001111101000000011011
11110110100111111000101000110011011110011011
10111001101111001111101111011011
0001110011
10100010011010101
001000010011
110001100010111010011
101101111111110000101000001110011101100111
100011011100010010010001000111
100000001111001011010000000010100110100101
0010100101010101
1000110000101
10000011010111011100001101
11111000111110011
1001101111111010100100011
0111100110001000001111001101011000100000000111011
11101101100111101
0010000111101110111100000101001001101
1111101011100101010000001111011000110110101001101
110111001100000010110110011110101100101111101111
0101111110100110011111011101011111110000111
00011000111010111100110101000101010101011101
11111000111110011011111001011000000100111
10000000111100101101
001010001001001011
100000110111
10100011111011100101010100100000000100011
000010010110011000011001011000110111
01110110011111000001101
00000000010010101101111111111001101101
01110011011011110101101101000001010011111111
10011111
010000001001010101010011011101111000100111
111111000001110011100011110100110111101101011
1110000001011110010100111100110010010110111
11101111011111100001000011001000011
1010010100100101100000011101011101
1100110011000011010101
0011000101111110101010100011111111
10111000110101
1001101100101001010011111010001000001011111
10100010011
11100011101111011010011100111110100000001101
000110001110101111001101010001010101
001011000101011001100111001101
111001111111101001111100100110000001111
01110010001011110000111010011100100111000000111
1010011101
011111000111
111111001011111011011101
000101001001111
0101000101101011111110101101011101000111110100101
0110101110011
010101110110001001100000101001001101110010111101
0011000011011101
0010100110101011011011
1011011111
01110110011
10011000011000111
1010100110110110000100111011
11101001010100011001010101
011011100011101
0111101010101100111101100111101101100110110011011
000000000100101011
01111010101101001110001011110111
1000000001101110010101011111101101101101
01000100111101
0111011110010100100111
0010101011
1111011111101111111
11101000111000000111101111
00110101111111011010111000100000101
001001001101000111111000100011
000111001111111
000111001111
000000000100101011011111111110011011010011
101010111001010010101010010011100010000010101111
01101001110011001001110010010001110100101
11101
101111111110001100111100011010000111111
11100111011
010101011011
10111010010010011000010001111
0000000001001010110111111111100110110100111011
000011110010100010110011
1110111011111
001101010100100110000011010100111
01000000100101010101001101110111
1011011011000001101000101001100100010101
11000011100001010101
111000000101111001010011110011001001011011101111
10000111101011110010000110010111001111110101101
000111000011100100110101011101110111101010111
1001101011
0011111101
000111001111111000100100010001101011101100011
10000000011011100101010111111
1011011011000001101
1110001110111
0111110001110101111000011101
10000010011000111
10110000100011
11110000111011100100101
11010110101110100110011011110011100000111
001010001001001011110010110101101
11110011100001100110000001100101
1010011111001000010110000001101
0111011001111
110100010110010011101000100000100111001110011111
0010010011
001010100001000001000010011101
0100110101
10100001100101100111110000000000010111001000111
100111010100001111011011111101
001111001110011100111
00011000101010110101000011
11110001111
0111101010110100111000101111011101011011
011000100110000111
11000011011011
10000000111100101101000000001010011
01000100010110101011111
101111000110101100111
1001111101011101111001011
001011000110101001101000011001011111111
0000000001001010110111111
110011010011101010000111
100001101111101111
0011101000001101001010011011101101111111
111111000001110011100011110100110111101
101010011
011100000000010011101010011111
0010101010101
11100010101000111
000000000100101011011111111110011
10100101
01101101111111
001001000010101000101100100101
101001111100100001011000000110111111
10000000011011100101010111111011011011011
01111000110110010000010111000100111
0111100011011001000001011100010011110101000111
01100101000010111
00000001011010101101001101110110010111010101011
1000000011
100011010001011011110010100101111010000111
101000011101010110101011101
010011010101110111100100101001000011
000000000100101
10110111111000010000001111
1010000010111100100001110010101
1010001101010110100000110110101001111000011
000111011000010101110001010110101
111001100111
0010100110111000001011011011100110010111011
11011110001001101010010110010110101101011
001000110110101100011100100100101
11110011100001100110000001100101101
101001000011111011011001101
00110000010011110101011000011001101
0101
010000001001010101010011011101111
00000010101
0111101010110100111000101
011110101011010011100010111101110101
1000001101111110001101
00111000000011000011001000101101
111010010000000101010001110101010111101
1101100100110000101001111001001110110101111
01100000010100000101111111
110010001011011001101
011001010000101110000100111
101100001000111100111101110011
0001000010111011001011100111101011
00011100111
101000011111100000011101100110010100001010101
01101011100110000111011
011011011110010000010101100011110010010111
1100110100111
1110011001111111
01101011100110000111011011010011
11101001000000010101000111010101
000110010101100111010011101101110100101
01100000001100110011000100100111111010001101
111101100001111100000101001111
010110011001000101010110001010000000101
00111000000011000011
101000001100010010100111
1001101111111010100100011101010111010011010100111
10011011001010010100111110100010000010111
01101011100110000111011011010011100101
00110000110111
00101111001101
010110101101001011110010101
0001001011011011011011111010101101
001100111001001111
100111010100001111011
1111011000011111000001010011
01111010101001101000010000010000010001100100111
0111110101101111101100100011011000100111011
11111000111
0000010111110001011
1011110011001100111101110110001111
000000010110101011010011
100111000111001111101010001011
011110101000001101110000011000111100000011101
1110001110111101101
1101011101
001111110100011101
111101100001111100000101
111011011001111010010000011
00101010101
00111000000011000011001000101
0001110110000101011100010101101
0111101010110100111000101111011101011
110111100010011010100101100101101
0100000111111001011010111
1000000001101
0001100011101011110011010100010101
101101100101010000100101001001001110000110010101
11101000110101001010010100011011
011011100011101110000111
0010100101010101000101011111100000010101
000111101110110101010011101101110010111
11100000010111100101001111001100100101
100110111111101
0100100110011110110011111101
10100001100101
101111001100110011110111
000011110010100010110011110011
100000010001000001100000011001111
01101101001101000111
00111100000111111011011
010000100110011001100001011
00011000110010010111
10100111000011110011
1101110001101111010001111
1110011111
0001010111
0110110100110100011111
10100110110100100001100100000000000010111
000111011
011000100100100011111
1001110010110000100001101011010111111
1001111010111
101111001110001010011111010100010101001011001011
011110000000111011001111
10001101101000100001100001101110000011
0000001010111001111110110001010011101
01011
001010001001001011110010110101
11111010111
0111111101000011
00010101010110001011101011110001100111
11101101
0000001010111
001111000001111
10111100011010110011111
10011101010000111101101111110111111010101100101
0101100110010001010101
1001011010101010111110101110001100100010011
000111011000010101110001010110101011
01101101111001000001010110001111001001011101
100001000101101100100001011010101010101101
101001000011111011011001101011000001111
1000110011101000110111111001111
001100001101110100011110000000101110111111101
1001110000000100100101000010111110111111
11000111100011100000001111111011
00001111001010001011001111001101010111
01100110001011
00011110111
00110011100100111110011010000011101
1011010101011101100010010100111011
1001011001011001010111000000111000011
0110110111100100000101011000111100100101110111
110101110101100101100001110111110011
001001110100101110111110100011
111110101
011111101110000011101010110110110101010010111
110001100000111100010101100000101
0110000000110011001100010010011111101
0101111
0011110011100111
100000110101110111000011011100011101110000101
00011111001011000011010000010010000101
11011100011011110100011111
1111000011101
110101000101010010100011
10100100011101100010110010010001001000101
0011101111010001110001011011100000111101
1101111000100110101001011
1111110000011100111000111101001101
011110111101010101101100101101
001011010110001010101000001011000111111101
11010111101
00001001011001100001100101100011011100101
00101001010101010001010111111000000101
010010011001111011001111110110000001100001101011
00011101100001010111
110111
101011111000001010010110011100110011111000101
111010001101010010100101000110110000101001101
010100101011
10000000010001010111100101111
01101011
01010001011010111111101011010111010001111
000110001100100101111
111100101110010011101000111000010111000101111
111010001101010010100101000110110000101001101011
110001100000111
1000011110101111001000011001011100111
100101111010001100111
00110000110111010001111000000010111
10000100010110110010000101101010101
0111011001111100000110100011
1111010011110010101010010111
11100000010111100101001111
11011100110000001011011001111010110010111
011110101010110011110110011
11011001001100001010011110010011
0001100011001001011111101001101100100100011
101101100101
01111011110101010110110010110100100111100111
010001000101101010111111
111111000001110011
1110101011101001100010110011
111011011001111010010000011001001111001110011
111111001110001101
1101011110010000010101100011111000010110011011111
1101011
10010100100111011110001001001111000101
10011010111100111101001000101111010111110101
101001111100100001011
1100100010110000100001100100110011001111010101
1111011000011111000001010011111111
011110101101000111111100000000010001000011
0110011000101101
1100110000011001010100011
011101111111101011111010001011
10000110111000111
00010110011100100010111101100011
110111000100100001101
111010000101000100100010001100110011110010011101
01010101011001010010111000001011
1000011100010111111011110110000010000010010011011
01001010010011100000111
10101010011110110110001111111101111011111101
10110111001110101011010100100101
11001111000000011
1111000111100100100011101011000000111010011111
0000010111110001011110101110010110111011100011
100101000001100000011010010100101111
11111010111111000000001001000110101000101
01010101101111100111101101101001110101111011
0101101001110111111101
001111101001001010110011
0011101111
11100111011101101110110100101111
01100010011000011111
10100111000011110011111001100000100100101010101
011101100111110000011010001100001110101
10010111
10101111100000101
0000010110111001011001011111
111010100110110010010101100111
11001100000110010101000110010101
001010011010101101
11001111
111010001110000001111011111100110011
0011111101000111011011
10000111000101111
11100000010111
10000011010111011100001101110001110111000010111
0111110011110110100010001010101100110111
011111001111011010001000101
100110101111
0111110101101111101100100011011000100111
01001010101101100110001010110111010000111
0010100110101011011
01111010101011001111
11100011101111011
01001110010101
110110011101
11010111101100100110111010111001010101101110101
100001101111101111100010100100010111110000110111
0010000111101110111100000101
0110011000101101101011111000100001010101
110111000100100001101001101111
00011110001111010001100000101111
10101
010101110110001001100000101001001101110010111
000000110111000111
0111101010110100111
10001101
000101001001111010000000101000011000011010101101
01011001100100010101
1101101101111
0001111100101
00111001110001111
11001111011000010000100001000111100001001111
0010000111101
1110100011100000011110111111001100110111110101
001110111
001011010110001010101101111100101010101000101
1111100011111
00111110100100101
111100110101111101011
001101101000110111
110010101000001110110100010111
100110110010100101001111101000100000101
00100001001101000111010000011
100110101111001111010010001011110101
11011000111110001101010111001111
01000001111111111010000011111101011011010111
11001000101100001000011001001100110011110101
11011110001001101010010110010110101101
1000100000111011000101111000101011100111100101
111100111101000110111111100000000011010101
1000000101011011000101
00011110001111
111011101001111
001100001101110100011110000000101
111000111011110110100111001111101
1111011111101111111011
101110100100100110000100011111
01000000100101010101001101
0001101000111101011010111001011110101110011
111011011
100111000111001111101010001011011
011111110100001101001011101110111
000110100011110101101011100101111010111
111101100001111100000101001111111101111011
0100100100011111101101100101
110111110010000111010100100111
11101101100111
0110000001010000010111111
010110011
11010110010101011111001111010110111111100100111
1101110001001000011010011
10110111110011011101000100000010100100011111
011010111001100001110110110100111001010001111
100010101000000010100101010011010010111
1110000000111101011100111100110100001101
110101111011001001101110101110010101
1101100011
111000111
01111011110101
110001111000111000000011111110111
10110100011
0100011000100111001001110111010011100001011
100000110111111000110101001011101101
101110110111011001011110100101111000111100111
0010110101100010101
111101001111001010101001011100100101100001111011
0111110001110101111000011101111101001010011
01100000010100000101
110011
1010101001111011011000111111110111
111010001110000001111
1011011001010100001001010010010011100001100101
00011101000100001000001110000101
10000010011
11111100000111001110001111
1001110101000011110110111111
01001010010011100000111000111011011
101011
010001100100001001101101000100001000100001011
111100011110010010001110101100000011101001111
01000000100101010101
000110001110101
011011010011010001111
10011100000001001001010000101
1011000010001111001111011100110000010100011
00011101100001010111000101011010101
0011000011
11110110100111111000101
10111011011101100101111
10000001000100000110000001100111
000111011000010101
000000101011100111111011
01111100111101101000100010101011001101
00110011
1111111100011
01000000100101010101001101110111100010011101
000001010010010101100100000100011111
00110000110111010001111
10110000100011110011110111001100000101
0111001000101111000011101001110010011
0100000010010101010100110111
111010001110000001111011
11101000111000000111101111110011001101111
0100001011
01100010011000011111001010111100000100000111
110000110111
1111110011100011010001000001110011
01110000000101011
0011
011000110110101111
1001011110100011001111
00101000100100101111
011110000000111
11010010110010111100100000100011
00000001111001111
01100011
0100101001001110000011100011
00101010011
00010010110110110110111110101011
1111101101001110101
101001101101001000011
00101001101010110110111001110110010110111
1010001101010110100000110110101
10000010011000111111100110011000011
111100110101111101011001011011111000011
01010001011
01111100011101011110000111011
00110001010111111111011010110000101101101
11000111100011100000001111
11101101100111101001000001100100111
100101100101100101011100000011100001111
1111000011101110010010101010111011101000111
0001011110100100101001111000110100110111001000111
00010000101110110010111
0001110110000101
10000111101
010010000011100101001011001110000011101
000000101011100111111
000000000100101011011111111110011011
0000111010010010100101
10100001100101100111
10011110101110010000111
101110001101010010100011010001011
011111110100001101001011101110111001100001000011
0111111000001001011111001110111
11110100111100101010100101
1001110101111100111001010111000111101
011100110110111101011011010000010100111
0000111110101
0110101110011000011101101101001110010100011111111
01110001110111000101111001100101
11011010001100101
1111101011100101010000001111
1010011111
10110111110011011
11101001000000010101000111010101011110101
1100011000001111000101011000001010011000111
0110001101111010000111
1010010100100101100000011101
01100010011000011111001010111
0111001101101111
11111100000111
00011101
10101111100000101001011001110011001111
111
01000100010110101011111100011
1011110001101011001111100000001101000100101
0000000111100111101101010001011
1111011111
11001010000111000111
111001111111101001111
0011101000001101001010011011101101
10111011011101
1110010010110110010110011
001011000110101001101000011001011
1011101
1110100100000001010100011
1110100011100000011
011110101010110011
1011000011100001011001111001100111
10000111
10110100011111101
00100101
001111000001111110110111010011001100001001101
1110100100000001010100011101
11111011010011
10101010011110110110001111111101
11011100011011110100011111100101
100110101111001111
1111110000011100111
0110011000101101101011
111101100001111100000101001111111101111011000011
0011010101
000100101001100110100000111
110010001011
01111100111101101
1100101010000011101
111010001101010010100101
0100110101011101111
0110101110011000011101101101
10111
10000110111110111110001010010001011111000011
0010100101010101000101011111100000010101101
1010101110010100101010100100111
0011000101011111111
110010001011000010000110010011001100111
10100111110011001100011001001011110000111011
0101001011000001111100000101011000111
0101111000101010000111000111
0011101111010001110001011011100000111
0000000001001010110111
10000000111100101
111000000101111001010011110011001001011011101
011111101110000011101
010011101
0111101010110100111000101111011101011011011101
101001111100100001011000000110111111001111
0001110000111001001101010111011101111010101
101101110011
0111101111010101011011001011010010011110011111
1101111000100110101001011001011010110101
0111100110001000001111
111010011110011100011000011100111010111011100111
0011111101000111
0001001011011011011011111010101101110001000111
0001100101011001110100111011
000010101110011001101010000011
1010111110110111000011110000111
011100110110111101011011010000010100111111
100010101110110101100000011011
10111001101111001111101111
1010011011
110111000110111101000111111
10000000011011100101010111111011011011011111
0110011000101
010000100111111001100011010000101110101
10110111001110101011
00110001011111101010101000111111
110100010001010100001011100010011110011100011011
0010000000111100000111110011000000111
010101011011111001111011011010011101011110110011
111101111010101111010010100001100101100111
100001111010111100100001100101
11001100011011111011011110101001010001010101
00100111010010111011111010001110100101
10000000011011100101010111111011011
10100111110010000101
1100100010110110011011100100111
0110000011
11100111001101000010100010011101011
010110100111011111110110111110110101011
000100100101011011110100011
001110101101111110001100010000011110111
101101000111
000110010101
10011101010000111101101111110111
0100101001001110000011100011101101111110111
0011101000001101001010011011101101111111011
1000001001100011111110011001100001100001000111
0001011001110010001011
0011111101000111011011001000011001100010010011
01100101101111110100011111101001101011
1000011110101111001000011001011
10000100010110110010000101101010101010110111
0111101010101100111101100111101101100110110011
001100001101110100011110000000101110111111101011
110011110110000100001000010001111
0111
1101011110110010011011101011100101010110111010111
01001001100111101100111111
11011001110100101
10000001000100000110000001100111100101
00100011000001101100100101111010111
0001100101011001110100111
101100110001100001011001110000101101010011010111
0001000011010111010100111100101
010010101011011001100010101101
0110001101101011111010011110011
010011101100011110101
11110100111100101
101101010101
1111011010011111100010100011001101111
0111101010110100111000101111011101011011011
01100001001111000000000011101001100111100111
1111101011100101010000001111011
010110100111011111110110111110110101
11011111000100000110111110100010111101011010101
10100111110010000101100000011011111100111
010010100100111
111101111110111111101100100100100000111111
01111010101101
001010101100100111011
011010111001100001110110110100111
0010100110101
1101011101011001011000011101
010001100010011100100111011101001110000101111
0011000011011101000111100000001011
1111001101011111010110010110111
01001110010101011111100001011111
000111101110110101010011101101110010111011001111
11111000111110011011
1111100111001110010001111111000000011101
100011111001101110011
100011011010001000011
10100110111010000111111001011
111100111000011001100000011001011011111010111
0011011
1101000101100100111010001000001001110011
1110110111000000011010001001000000001000010101111
10111000010001000101000001100111
001100001101110100011110000000101110111
0010100110101011011011100111011001011011
01000001111
000110010101100111
10101110111100111111011000111111
010011010100101010101101000010101010001101
0001100011101011110011
1100101010000011101101000101
11110010100110101101111
11101001010100011001010101100101
011000010011110000000000111010011001111001110111
11000011
011111110010011110111000011001110001101001010101
0010100110101011
00000101101
0111000000010101110111
10011101010000111101101111
101101100010011110100110011100001111
01110110011111000001101000110000111010110011
0010000001001010010000010001001011
0110000001010000010111111100101
111011101
00111100111
010001100010011100100111011101
111010010000000101010001110101010111101011000101
101100001000111100111101110011000001010001100101
011111001111011010001000101010110011011101
010010100100111000001110001110110111111
1101010001010100111000001101100101010011010001011
01010001011010111111101
0110000000100010101
101111001100110011110111011
110111001100000010110110011110101100101
100110110010100101001111101000100000101111101111
10100110001000100101000100001001110100111
1000001101011101110000110111000111011100001011111
01110011
0001110011111
01111100011101011110000111011111
001110111101000111000101101110000011110101
11101010011011
110101000011000101011011010100000001111001111
1001101011110011110100100010111
1100101010000011101101000101111101001101
111010010101000110010101011
0001110110000101011100010101101010110110001011101
00011100111111
100111010101
01011110001010100001110001110011
11111100101111101101110111
100000100110001111111
01101000000110000000101101111100111110010110101
11100111001101000010100010011101
0000001101110001110010010110101011
0001000011010111
00011101100001010111000101011010101101
01111110010110100100100001010111
010011101100011110101000100101111
0010100110101011011011100111
101010011011011
111000111011110110100111001111101000000011
0110100111001100100111
00101000100100101111001011
01010010100100011101000111
0100100100011111101
11010111
0111111011100000111010101101101101
1000001001100011
11111011010011101010011
010100101011101000110100010010110010010001011
001111
01111100011101
10000000101100110001000010111
011101000111100100100010101001010111
0111111001100011110001111011010110010111011
11110111111011111
100000000110111001010101111110110110110111
111111111
0100011101110000110000100100101
1101110001001000011010011011
01101101001101
100110101111001111010010001011110101111101011011
0111110001110101111
01111010101101001110001011110111010110110111011
111111111101101
010010000011100101001011001110000011101011
000001011011100101100101111
0111101010110100111000101111
10110110010101000010010100100100111
010101110110001001100000101001001101
0000111
1001011
111100001110111001001010101
10100010000010010111000111111010011100101000011
01111101010010011000110111
100110011100100000101
1110100101010001100101010110010111010011
010010100000000101010111000011101001101011
0010011101001011101111101
110110001111
0011000011011101000111
1111101101
1110000000111101
0001110011111110001001000100011010111
10101001100001101111111
1101000101100100111010001000001001110011100111
0011100000001100001100100010110101
1011011011
101010011011
11001010100000111011010001011111
1101010001010100101000110001010101001000101100101
000111
1101110011000000101101100111101011001011111
1001101011110011
101011111011011
00110101011
