00100001111011101111
01100010010010001111
110100101100101111001000001000110
11110100111
00011100001110010011010101110111
010101110110001001100000101
01000100111101110
0110001001100001111
001100010111111010101010001111
00010010110110110110111110101011011100010001111
000101111
1010111110110
111010010000000101010001110101010111
001000010011010001110100
101110100100100110000100011111101
100000001011001100010000101110
0100010011110111011010001101
0011110011100111001110
11110001111001001000111010110000001110
01010111011000100110000010100100
1011010101011101100
1110011100
10011010111100111101
00000001011010101101
011110101010011010000100
000000011110
100111010100001111011011111101111
0000011100000101111
011000110110101111101001111
0110000100111100000000001110100110
1011010101011101100010010100111
0110000100111100
010001111101101001110100
1010011111001100110
0001011001110010001011110110001100010101
1000000001101110010101011111101101101101111111
1110100101010001100101010110010111
1111100011111001101111100101
0110001101011011100001100011011111000100010011110
101110110111011001011110100101111
0101111000101010000111000111001111
111100011110010010001110101100
10011110101110010000111110
1010101110010100101010100
10111010010010011000010001111110100111
011001001001010101001100101100
011000110
011001010000101110
0110110111100100000101011000111
00101110001000000100001010110001111100
01111
011110100001101001010111110001111010001010111
00010101010110001011101011110
11000110000011110001010110000010100110
0111111
100
0110100111001100100111001001000111
01100110101
001111001110011100111000001011100
0100111001010101111
000110001110101111
0010000000111100
000011110010100010110011110011010101
1101011100110010100110100001110
0110101110011000011101101
0110010110111111010001111110100110101111
001010010101010100010101111110000001010110
000000011110011110110
10000111101011110010000110010111
0000010110
10000001000100000110000001100111100101111
11110011100001100110
10110100011111
110001111000111
00010010110110110110111110101
101000111110111001010101
0010000111101110111
0100000010010101010100110111011110001001110101110
000011110
01100111101001111111010001110
010010101011011001100010101101110
000001011111000101111010111001011011101110
01111111001001111
101100001000111100111
111110110100111010100110101101
000011110010100010110011110011010101110100111
00011001010110011101001110
01001101010111
10110111111111000010100000111
011001010111
101110001001010100101001101
0110111000111011100001110000010100100
111010001101010010100101000110110
110111000110111101000111
0010000000111
100001101110001111110100101
111010000101000100100010001100
1010001101010110100000110110101001111
101111000110
1100110000011001010100011001010111100010101111110
0000011010011110101
1111001110000110
010100101100000111110000010101100011101001110110
100011000010101001001111100010000011010011110100
01010111011000100110000010100100110111
0100010001011010101111
01000100010110101
1101101000111100110001110011101111110100
01000010011001100110
010111100010101000011100011100
10011110101110
00000101101110
001000000100101001000001000100101111110
101101111
1011100
00101000101010101100110
110001100000111100010101100
1001110101000011110110111111011111101010110010101
100011011100010010010001000111100111
0001110000111001001101010111011101111010101111
011010010000111100111101010111
111111110001110110010110000001101101
000101001001111010000000101
0001111100101100001101000001001000010110000001101
00110001010111111111011010110
100011111001101110
00100001111011101
0010001101101011000111001001001010010101100011101
11110000111011100100
111000101101111001110001101100001101
000100100101011011110100
1011100110111
01100011011110100001110
1101011110111
01000100001100110010100110100101101001100010100
0110110111100100000101011000111100
110101111011001001101110101110010101011011101
101110100100100110000100011111101001111000110100
11011000111
01101101011010110010010100000111000111
101001110000111100111
000001011011100101
11110111
11101000010100010010001000110011001111
00100111
01100011010110111000011000110111110001000100
0100000010010101010100110
00100100110100011111100010001111
10001000001110
01000001111110010110
11011100011011110100011111100101100
111101101001111110001010001100
110101110101100
001101111100000001110001001100
1001110010110000100001101011010111111011100110111
11110000111011100100101010101
111100101001101
10000000101
1000101
1101011110010000010101100011111
1010010100100
00111010000011010010100110111011011111
00111100111001110011100000101110000101
01101101001101000111110110101101010010101
1101101101111000001000010101111110100
111000101010001110101111
1100100010110110011011100
101101101
1000011110101111001000011001011100111111
10011001110
10100110110101010100100100001101
011110111101010101101100101101001001111001111
11110000111011100100101010101110111010001111
011110111101
0111100000001110110011111100000101000100110111
1110111000101001010101100
00011000111010111
01011001100100010101011000101
110011110110000100001000010001111000010011111100
11010111010110010110000111011111
001110
111110101011100011101010101
11010111010110010110000111011111001110000110101
1111001010011010110
1110110110011110100100000110010011110011100111
00110001010111111111011010110000101101101111100
1000000010110011000100001011101110110100100111
01100000001100110011000100100
110000110
0100100101
01100000001000101
01110011011011110101
1000011110100101
1011010001100
100000001011001100010000101110111011010010011111
110111100010011010100101
11100000010111100101001111001100100101101110111
10100001111110000001110110011001010000101010100
10011100101100001000011010110101111110111
0000100101100
0110010101000111
0011000101
1100011110001110000000111
001000110000011011001001011110101
11110000111011100100101010101110111
1011110011001100111101110110
10110110010101
1101000101100100111010001000001001110
100011000101011000000101
1101101000111100110001110
010101110110
0011011011011111001101100010001101100110100010111
10000110111
000111100
100000010101101
111111111101101011010100
101110110111011001011110100101
00010010100110011010000011101001110
111101111110111111101
01111011110101010110110010110100100111
0000011010011110101101101010110100
0011000101111110101010100
00110001011111101010101000111111110101011100
00111011110100011100010110111
011110101011010011100010111101110101101101110111
100001111010010110111001011010010000001100101
011111011011000101011100010010100010001110
101010100111
100101000001100000011010010100101111110
1000010101100111100110001110110000100011101111111
111111111101101011010100101
100101100101100101
01111010101
10010111101000110011111000000111001011010100110
001000011110111
110010001011011001101110010011100101101
11111111110
1110010010110110010110011101101110
11100111011101101110110100101111111001110
111110010110101010001001101100101000101011111
101100001000111100111101
01000100111101110110
0110110111
11100111011101101110110
101111000110101100111110000000110100010010100
00000000010010101101111111111
0001110000111001001101010111011101111
10000000101100110001000010111011101101
111110011100111001000111111
000011110010100010110011110
000000000100101011011111
0100011111011010011101001100
010101110
011110101011010011100010111
10110111001110101
110010111
00010010010101101111010001100010011111011110
10011010111100111101001000101111010111110101101
011000100110000111110010101
1010100110000110111
01111001100
100011011010001000011000011011100
10000111001111011100000111000100
0010101
111010000101000100100010001100110
01111110111000001110101011011011010101001011111
010011100101010111111000010111
1001011010101010111110101110001100100010011111111
00100000001111
110111100010011010100101100101101011010111
110110001111100011010101110011111001001000101
010001100111111110001100100
0010000100110100011101
1000000001101110010101011111101101
1011011011000001101000101
011000011011010110100
1010001001101010110010101110010000101
10100110111010000111
1000000011110010110100000000101
0110111000111011100001110
110110010011000010100111100100
10001110100
011100011101110001011110011001011010100
1101100111010010111000001001101100100110001000101
01100000001100110011000100100111111
100111001011000010000110
0011100111000111100
00000000010010101101111111111001101101001110111
11111010111001010100000011110110
1001011110100011001111100000011100101
11101001000000010101
01010101101111
001110111101000111000101
11110111101010111
0100011000001101110001110
110100010110010011101000100
001010011010101
1101000100010101000010111000100111
0111110011110110100010001010101
1110001110100011000010000110111110010000010110
1011001100011000010110011100001011010100
1011101101110
0001010101011000101110101111000110011111001100
0001111011101101010100
01000001011111000110101110010010110100110111
1110001010101100000011111111111010001110101110
1001100
11011000111110001101010111
0110011110100111111101000111000001010100001100
000011110010100010110
001000011110111011110000010100100110110100000111
0100011101010111001010100111110
00011000110010010111111
0010100010010010111100101101011010000110101
111010000101
11111001011010101
1011101101110110010111
11101000110101
101101100101010000100101
100101100
10100011010101101000001101101010011110
111010010000000101
00000101101110010110010111110100
10010110100001111000001010111111000111
1111011111101
111011100010100101010110010100110100
110010100001110001110111
11110100111100101010100101110010010110000111101
101111001110001010011111
00000000101110100
111100001110111001001010101011101110
01111111001001111011100001100111
1100001101101111110100111
0001001001010110111101
000110001110101111001101
00111001110
00101000100100101
111100110101111101
01111100011101011110000111011111010010100111
011010111
11110011100001100110000001100101101111
1001001110001000111111100100011111001001001000111
10111100011010110
01001000101
11010001000101010000101110
000100101101
10000011011111
00000101101110010110010111
1111101011100101010000001111011000110
00011000111010111100110101000101
100110011100
010010011001111011001111110110000001100001101
101001110100000111100
0101010110
11000011100001010101101010111010011011111
1010010100
0100010101
110001100000111100010101100000101001100
01000111010101110010101001111100
0110001001001000111110
0011000011011101000111100000001011101111111010111
10000000011011100101010111
100101111
1100111100000001101100
01100001001111000000000011101001100111
001011100011010111110111010100
1110101
001010101100
001000110000011011001001011110101110110
0100010011110100
00000001111001111011010100010110
1110000001011110010100111100110010010110
1010011100001111
01111100011101011110000111
10111011011101100101111010010111
00111100111001110011100000101
000111000011100100110101011101110111
1110001110111101101001110011111010000000110111111
1010011111001100110001100100101111
111110011100111001000111
01010101101111100111101101101001110101111
100000000110111001010101111110110110110111111
1000000100010000011000000110
111111110000111100100111
11001010100000111
101100001110000101100111
110101000101010010100
110110011101001011100
1110111010011110
011010111001100001110110110100111001010001111111
1011000101101101011101
0010000000111100000111110011000000111101
000100101101101
01111010110100011111110000000001000100001100
101110100100100110000100011111101001111
00110000010011110101011000011001101011001101
100111110101110111100101101001000100100
001010010101010100
0100111011000111101010001001011110001000110101
1110001110111101
1110100111100111000110000111001110101
01100011011010111110100111
11010001000101010000101
1110001011011110011100011011000011010111100
1101011110110010011011101
01001010010010010011101110100011010000100
1010011100001111001111
10100111110010000101100000011011111
0100010101000101
0110000110110101101
1111100111001110010001111
00001110100100
0101001010010001110100011111100
101001010010010110000001110101110100100010000111
000101
11100111011101101110
11001100100001010101000101111001001001001010110
011000110101101110000110001101111100010001001111
1000110011101000110111
0000100101100110000110010110001101110010101000110
1000100000111
1001111101011101
1001011110
10101110111
101000100110101011001010111001000010111
001100010111111010101010001111111101010111
101000001011110
00101010000100000100001001110111
1000101010000000101001010100110100
111100111000011001100
11001010100
0010100010010010111100101101
0011010101100000101101000011110000001001100100111
101101110011101010110
001000011110111011110000010100100
1011001100
01101101001101000111110110101101010010101100
11010111101100100110111010111
0001110110000101011100010101
10100110110001001001101
111000111010001100
11001111011000010000100001000111
01110011011011110101101101
011101
011101000111100
11100010110111100111000110110000110101111
1000000100010000011000000110011110010111
00011100001110010011010101
011100000000010011101
1110100011010100
1110100100000001010100011101010101
1110100011100
1111100111001110
001100111
111001001011011001011001110110111
11011011011110000010000101011111101
1111111100
0110110
00001001011001100
000100101101101101101
11011001001100001010011110010011101101
011000110111101000011100110101000010011101
111010010101000110010101011001011101
10000000010001010111
0111110011110110100
11111111110110101101010010101
001010010101010100010101111
000000000100101011011111111
1000000010110011000100001011101110110100
001011100010000001000010101100011111000111100111
1010111110
001011001101111101111011011011001100101011100
011000100110000111110010101111000001000001111
1111100101101010100
10100111000011110011111
1001110101111100111001010111000111101110
011111000111010111100001110111
00101001101
0110000000110011001100
10100001110101011010101110100110
0001001011011011011011111
0001111
0110011110100111
11111100111
11101111011111100
011011011110010000010101
111111110110110100111001011000010011001011100
11100010101000111010111110111010001101111110100
101011111000001010010110011100110011111
00110101010010011000001101
110110010011000010100111
111101111110111
0110010100001011100
01101101001101000111110110101
01111101010010011000110111100111
1110011001111111110
1100101010000011101101000101111
10110000111000010110011110011001110100111
0111100100010100010111011100101011110101000010101
0001100011001001011111
011011100011101110
01011010111001010101000101100
0101001010111010001101000100
11010111101110101110100
0100101000011011111001100001010011101110100101101
0011000101011111111101101011000010110
00001110100100101001010111000100000110010110
01000111011100
00111101000101010111011011000000110010100
01110011011011110101101101000001010011111
000000000001001100000101
001010010101010100010101111110
1011110011100010100111
10000110111000111111010010110101111111110
0100010001011010101
111101111
1100101010000011101101000101111101
1011100011010100101000110100010111110101
1110011111111010011111001001100
01110000000101011101111100010000011001010110
1101010000110001010110110101000000011110
10110000100011110011110111
010110
101000100110
11011001110100101110000010011011001001100
001110011100011110
0000000100010101100
001010101100100111011011101001001010110
001101111
01111011110101010110110010110100100111100
100111000000010010010100001011111
010000010111
1110000101001101100101
0000000101101
000101110001100100000110
1000010101100111100110001110110000100011101
011111100000100101111100111011110000111
0000010111110001011110101110010110111011100
101111000110101100
01100110001011011010111
11001000101101100110111001001110010110111
101110110111011001011110
0011100111
10001101000101101111001010010111101000011111
1001110101
110010001011011001101110010011100
1110000001011110010100111
100011010001011011110010100101111
000001101101100110000011000001100010001001000111
111010001110
01000100111101000110
111111111101101011010100101010001000000110
11111111000111011001011000000110110111
0110000001010000010111111100101000111
1101011001010101111100111
110000110110111111
110010001011011001101110010011100101101110
0010000111101110111100
10011010111100111101001000101111
1111111100001111001001111000011111
111011011001111010010000011001001111
000001101101100110000011000001100
01101110001110111000011100000101001001110
01111010000110100101011111000111101000101011111
01111010101001101000010000010000010001100
010011100101010111
11010100001100010101101
01100000001100110
100001000101101100100001011010101010101101110
101111000110101
0001110000111
1010011101000001111
1110000000111101011100111
000101100111001000101111
01100000010100000101111
01100011011010111110100111100111111100000101
10000111001111011100000111000100010000100
0010100101010101000101011111
01100010111011100111
10101010011001001000010000111011100110
01110011011011110101101
00110001010111111111
0110110100110
001110111100010111000101
111000000101
1010001101010110100000110110101001111000011011110
001101010100
00101000111
1010100110110110000100111
111010000101000100100
10010111101
1000011110101111001000011001011100111111010110101
11101110001010010101011001010011010011100110
1001011010010101000100
0101011101100010011000001010010011011100101111
000000111
001011000110101
010011010101110111100100101001000011101
0110101110011000011101101101001110010100011111
111100110101111101011001011011111
110001111
01001001100111101
001001110100101110111110100
11111001110011100
11010111101100100110111010111001010101
011100011001110011101110100110010111001101001101
110101100101010111
01000000100101
1100110011000011010101111111
0111101
110101110101100101100001110111
100000001111001011010000000010100110100101010111
10100010010011001011000101100101100111111110101
00011101000100001000001110000101000110
0100011101010111001010100111110011111011110000101
11110110000111110000010100111111110
1100111100000001101100101110011110010110010111
000110001110101111001101010001010101010111
11011011011110000010000101011111101001101111
11001100011011111011011110101
11111001110011100100011111110
01111110000010010111
0001001010011001101000001110
0110010100001011100001001110100011110100
11100100
010000001001010101010011011101111000100111010111
000100101101101101101111
011011100011101110000111000001010010011101
1101110011000000101101100111101011001011111011110
11111111110110101101
00111011110100011100010110111000001111010100
0011100000001100001100100010110101000000010000101
000010101110011001101010000011110
1111001111
000110110101001101000100101111
0110111000111
111111110110110100111
110111000110
0111110011110110
01101110001110111000011100
1011010001100010011010010001001110101
01000111011100001100
0101000011010100101100011110
0110110101101011001001010000011100011100
101001010010010110
1010000011000100101001110000110
00011110111011010101001110110111001011101100
10011101010000111101
10100110110100100001100100000000000010111110
111010010101
1100101
10101110111100111111011000111111001010110
0011011011011100110111100011011100000111
00000001111001111011010100010110100011111100101
10111011011101100101
110110110111100
001000011101011000101110101
0110001011101110011101100
100011000010101001001111
1110100011100000011110
10110101010111011000100101001110
1111001011100
11001100000110010101000110
11010111101110101110100010010110
010000010111110
00010010010101101111010001100010011111
01100001101101011010000000100111
11110011100
1101101000110010100
10001100111
1111011110101
010111100010101000011100011100111100
1011111111100011001111
0001100011110110110100101110000001001101101010111
01101101111001000001010110001111
011111100101101001001000010101
111011110111111000010000110
1101110001101111
01111110011000111100011110110101100101110
10011000011000111110
111101101001111110001010001100110111100
1111011111101111111011001001001000001111111101
0100000111111111101000001111110101101101011111
010100001101010010110001111
10000000111100101101000000001010011010010101
0111110011110
1101110
1011101101110110010111101001011110001111
11111010111001010100
1001011001011001010111000000111
00101100011010100
0100011000001101110001110100011000100100000111101
10110110001001111010011001110000111110101111
010001110
1111101011100
01101110001110
0111100011011001000001011100
0010000111
1101100011111000110101011100111
10111100110011001111011101100
01010010101111
000001110000010111110000010101100
010010100001101111100110000101
010111000001000101101101101
100101101010101011111010111000110010001001111
1111011010011111100010100011001101111001101111
1010111110000010100101
111110001111100110111
00110001010111111111011010110000101101101111
000100101101101101101111101010110111
01101101001101000111110110101101010010101100100
00101111001101010000110111100010111110101
1100110000011001010100
011000011011010110100000001001110110
11001111011000010000100
0110010010010101
101101010101110110
1001110101000011110110111111011111101
10100001110101011010101110100
01110110011111
00100000010010100100000100010010111111
01111100111101
010010101
1111001111010001101111111
000011101001001010010101110001000001100101100
10000011010111011100001101110
10101001101101100
11111100
00110001011111101010101000111111110
111000101010110000001111111111101000111010111
0110100100001111001111010101110
11010110101110100110
10011100000001001001010000101111101111110
111010010101000110010101
0110000000100010101100110000101001101
1011100110111100111110
00111
0100111001010101111110000101
1010001000001001011100
00010100100111
10000111101011110010000110010111001111110101
00100100001010100
10000111000101111110111101100
00100100110
1101001011001011110010000010001100
10000010011000111111
10100111010000011110
011000100100100011111000000010000100110
01100101101111110100011111
1111011111101111111011001001001000001111111
00010100100111101000000010100001100
0000000000001101000001101100001000100110101
111010000101000100100010001100110011110
1111110000011100111000111
0110110111100100
01111101011011111011001000110110001001110110
11001100
00000101111100010111101011100101101110111000110
0110111000111011100
0000100101100110000110010110
00000110
111011100010100
01101000000110000000101
010101110110001001100
111101101001111110001010001100110111100110111111
0110001001001000111110000000100
0011000001001111010101100001100
00010100100111101000000010100001100001101
110110001111100011010101110011111
1111011110101011110100101
1111011010011111100010100
111110101110010101000000111101100
00011100001110010011010101110111011110101
011011010101101010101000100
011101111111101011111010001011100010001101001101
111011000100010111
0110100111
1000001101011101110000110111
101001100
010011100101
0111101010100110100001000001000001000110
000100101101101101
1001110101000011110110111
010000001001010101010011011101
00110000010011110101
1011110001101011001111100000001101
1110100001010001001000100011001100
1000001001100011111
111110101111110000000010010001101
1100111101000010110001111101110110111010001101100
0011000001001111010101
101101100010011110100110
111101
111000101101111001110001101100001101011110
001011100
1100001101101111110
110011001000010101010001011110010010010010101100
01010111011000100110000010100
1011100110111100111
010111
01001101010111011110010010100100001110101000101
0110100111001100100111001001000111010010101
0011000101011111111101
1111010011110010101
0110000110
10011010111
110011001100001101010111
001010100110100100
1100011000101110100
0010000000111100000111
11010111101110
0110110100110100011111011010110101001010110
0000000111100
01101101111001000001010110001111001001011101111
001000110110101
110101111011101011101
0010100000001100111
010011010101
1010011010110
0111110101
1110100011100000011110111111
01011010110100101111001010111
10011010111100111101001000101
10110111111111000010100000111001110
01001001100111101100111
00010100100
0100111001010101111110000101111
1000000011110010110100000000101001101001010101
01100011011110
011100110110111101011011010000010100111111111
0110011000101101101011111
01100111100100110101011111101111011110001000111
00101000101010101100
10011011001010010100111110100010000010111110
11110011010111110101100101101111100
0011110
0101000011001100100001000101011111101110
011000000010001010110011000010100110101
11001100000110010101000110010101111000101
11110100111100101010100101110010010110000111
10101000000101100110111001100000001111
1010000111
0110000000100010101100110000101001101010000000111
00111100111001110
11011001110
01001010101
01111101011011111011001000110
1100011000001111000101011000001010011000111001111
1001011010000111
10010000111001100010110000100
11011100011011110100011111100101100011001000100
10101010011001001000010000111011100
1101000100010101000010111000100111100111000110
1101
011100011101110
010011010101110111100100101
0010100101010101000101
010011010101110111
00000101111100010111101011100101101110111
101100110001100
111101001111001010101001011100100101
11001000010010010100100000011101011100110
111110110100111010100110
1100101010000011101101000101111101001101001100
11100000010111100101001111001100100101101
110111000110111101
1100111
11111001011010101000100110110010100010101
00100000001111000001111100110000001111
11100111
0011000001001111010101100001100110101
010001000101
001100010101111111
11111111000011110010011110000111
11100000010111100101
11110011110100011011111110
1111100101101010100010011011001010001010111110
10100011111
11111111000011110010011110000111110
100000000110111001010101111
101101
00011000111010111100110101000101010101
011010011100110010011100100100011101
11111100000111001110001111010011011110110101
00011000111
00100100
0110100100001111001111010101
100001111010111
0001110000111001001101
101001101
10100101001001011000000111010111
0100001011101011101011000001101100000011111
0110111000111011100001110000010100100111
10001111101
1010011100001111001111100110000010010010101
10010111101000110011111000000111
1001111010111001000011111
01100110001011011010111110001000010101
0001010010011110100
0010000000111100000111110
1110100101010001100101
1000110100
011000100100
0001100011101011110011010100010101010101
0011000001001111010101100001100110101100
11110110000111110000010100111111
111100111000011001100000011001011011111
101101111110000100
100001101110001111110100101101011111111100
011111100101101001001000010101111000111011011101
0011110011100111001110000010111000010100111
00000110110110011000001100000110
0110010101
1110011100110100001010001001110101100
0011000001001111
10110100
10100001111011011100100111
11110111111
11100000010111100101001111001100
0011000101011111111101101011000010110110111
01100011011010111110100111100111111
01010010110000011111000001010110001110100111
011101111000101010000110100
0100000010010101010100110111011110001001110101
1011011011000001101000101001100100010101000100101
1000011110101111
1101100111010010111000001001101
0111101010101100111101100111101101100
1100001101111110110011001000000011111
111100001110
111111000001110011100011110100110111
010001111101101001110100110
000011010010010111101000100001001000101
1100110000011001010100011001010111100010101111
10110111
011000000101000001011111
011000110110101111101001111001111111
00000010101110011111101100
0111000111011100
010101110110001001100000101001001101110
01100011011010111110100111100111
0010100101
010010100100100100111011101
1010011101000001111001000001110001110
0110001011101110011101100001001110100000111
0000001010111001111110110
11011011011110
000000011110011110
011110101011010011100010111101110101101
1011011000100111101001100111
11001000101
0101000011001100100001000101011111101
01110111100101001001111001100100
010010100000000101010111000011101001101011110
1111001110000110011000000110010110111110101110
0001001010011001101000001110100111000101111101
0000101011100110011010100
100101100101100101011100000011100
1011010001111
01010111011000100110000010100100110
0110111000111011100001110000010100
10101110111100111
01011110001010100001110001110011110
110010001011011001101110
0000001111010101010110110010101111
0100101
01001110110001111010100010010111
011001100010110110101111100010000101010101101
0001100011101011110011010100010101010101110111
0111011001111100000110100011000011101
10101001101101100001001110
10001111100110111
0010110001101010011010000110010111111
0001011100011001000001100000011001010000101
010010011001111
101000110101011010000011011010100
00100000001111000001111
00011110111011010101001110110111
0110110100110100011111011010110101
010000001001010101010011011101111000100
001110111101000111000101101
1001011010000111100000101011111100
00111001110001111001000111111000110001000011101
101000001100010010100111000011000110010001110
1000110110100
1010011011101000011111
000100101001100110100000111010011100
1011001100011000010110011100001011010100110
10101111101101110000111
1110001110111101101001110011111
000100100101011011110100011000100111
1001011110100011001111100000011100
001100010101111111110
0111101010101100111101100111101101100110110
1001110101000011110110111111011111
01101011100110000111011011010011100101000111
011110101010110011110110011110
010101100001011000010111111110110111001110011101
101010000001011001101
01000010011001100
011110010001010001011101110010101
110101111011101011101000100101100100000011011101
0110011110010011010101111110111101111000100
01101101001101000111110110101101
1111100111
1010111110110111000011110000111101011011111000100
0011000101011111
10000001000100000110000001100
101101000111111
111010100110110010010101100111111000000010101100
0000001010111001111110
1001000011100110001011000010001000010100010111
10000111001111011100000111000100010000100110
01000110011111111000110010001110100100001101
01111100
0111001101
100111010100001111
0110000001010000010111
0101011101100010011000001010010011011100101
0111101010101100
00110011100100111
1110001010101100000011111111111010001110101
10100011111011100101010100100000000100
10100100011101100010110010010001001000101110
10011111010111011110010110100100
1110011110101
00110001010111
11111
01001110010101011111100001011111100
00100100101
110
11010111010110
10101011100101001010101
00101010110
01001001010010101
11011100010010000110100110111111
101010011011011000010011101100
100001101110001111110100101101011111
0111001000101111000011101
110101100101010111110
110010001011000010000110010011001100111101
0100111
100000000110111001010101
00110001011111101
010010100010011000110001011010000000100
111111110110110100111001011000010011001011100110
1011101001001001100001000111111010011110
00101
010001110101011100101
110010101000001110110100010111110100110100
0100011101110000110000100100101000100
011111010110111110110010001101100
0001101101010011010001001011110111
111011011001111
1111011111101111
000101100111001000101111011000110
011001100010110110101111100010000101010101
00001001011001100001100101
110111100010011010100101100101
0100000010010101010100110111011110001001110
11101000111
1111000111100100100011101
10111000100101010010100110111
11111111
11110111101010111101001010000110
1011110011001100111101
1100011110001110000000111111101
111011011100000001101000100100000000100
000111001111111000100100010001101011101
001110011100
001011110011010100001101111000101111
00010100100111101
0010110011011111011110110110
0000010110111001011001011111010010000100100010110
11010111100100000101011000111110
00101000101
0011000011011101000111100000001011101
11001101001110101000011100010001011100
1101110011000000101101100
10110110110000011010001010011001000101
01010111011000100110000010100100110111001011110
11111000111110011011111
1000111110011011100
11001110100111001100001111001101
1101011110
01010010110000011111000001010110001110
0011110011100111001110000010111000010100111001101
01100000111000100100010110001100
011100110110111101
0111111100100
10111001101
010100101
101001110000111100111110011000001001001010101
10001101000101101
011000000101000001011111110010100011100
11010010110010111100100000100
1001101011110011110100100010111101011111
011100000001010010110110100101111
1111001110000110011000000110010110111110101
011110111101010101101
011001100010110110101
00101111001101010000110111100010111110101100100
101110011011110011111
0110001101
0101001010111110001001100100100001100001001000111
000101111010010010100111
0111110110110
00011001010110011101001110110
110110011101001011100000100110110
101001010010010110000001110
001000011110111011110000010100100110110
1111011110101011110100101000011001011001110101
11110001111001001000111010110000001110100111
0111101010101100111101100
00111100111001110011100000101110
11001000101101100110111001001110
0000010110111001011001011111010010000100100
0101000101101011111110101101011101
010011100101010111111
11110110000111110000010100
10010110100001111000001010111111000111010110
1110011101110110111011010010111111100111
100011001110100011011111100
111101111010101
10000011011111100011010100101110110110001101
11101110010110110101110100
1001101011110011110100100010111101011111010110111
00010110011100100010111101100
011111010100100110001101
110010101000001110110100010111110
111000101
11101010111010011000101100111111
1110101011101001100010110011111111
11000110000011110
011000100100100
00000001000101
11100100101101
01000001011111
111000111011110110100111
100000001111
110010101000001110110100010111110100110100110
0111000111011100010111100110010110101
101110000100010001010000011001110
1111111111011010110101
0110111
1110010010110110010110011101101
00100000001111000001111100110000001111010100100
0101001010111010001101000100101100100100010111111
0010101001101001001111
00000111
0111111011100000111010101101
1001011010101
10101011100101001010101001001110
1010100
000011101001001010010101
110101111011001001101110101
0110010110111
11110111101010111101001010000110010110011101
001000000011110
11101100011000011100000110101100100111101
00111011110100011100010110111000001111
00101101011000101010110
0001100011001001011111101001101
101000110101011010000011011010100111100001101111
00110000010011110101011000011001101011001101101
00111010000011010010100110
00110000110111010001111000000010111011111110101
011110111101010101101100101101001001111
1000000101011011000101010010000101000101000110100
1100111010011100110000111100110100
0110001101101011111010011110011111
1111110000011100111000111101
10101111
0000000101101010110100110
01010010101110100011010001001011001001000101111
100100111000100011111
001010100110
10000110111000111111010010110101111111
011101000111100100100010101001010111100010101100
111000000101111001010011110
1010011000100010010100010000100111
0010100110111000001011011011100
001101101000110111100010011000100110101010100
11011100010010000110100
01001101010010101010110100001010101000110111
11010001011001001110100010000010011100
10011100000001001001010000101111101111110110
01111101010010011000110111100111110101101100100
00100000010010100100000100
011001011011111101000111
01001101010111011110010010100100001110101
00101001101010110110111
0000001010111001111
100001010110011110011000111011000010001110111
1101010000110001010110110101
00111011110100011100010110111000001111010100100
001010001010101011001100110100
011101100111
000011101001001010010101110001000001100101
0100110101011101111001001010010000111
0000000010111010010000111
101010011000011011111110101111
0111111100100111101110000110011100
100001111010111100100001100101110011111101
1111000011101110
0111110011110110100010001010101100110
010011100
10000001000100000110000001100111100
10000111000101111110
0110101110011000011101
111101111110111111
0111101000011010010101111100011110100010101111111
01101110
011110111101010101
1010010100100101100000011101011101001000100001110
0111101111010101011011001011010010011110
10100110101100
00110111110000000111000100110
0100101000011011111001100001010011101110100
0100111001010101
100111
000101111010010010100111100011010011011100
00111110100100101011001110000100011111001001111
01100001101101011010000000100111011000111000101
01111001000101000101110111001010111
1011101001001001100001000111111
000101010101100
101001111100100001011000000110111
1101010001010100101
11110111101
010100010110101111111010110101110100
11000111
110101111001000001010110001111100
1000011011100011111
10110000111000010110011110011001110100111110
111100011110
11000110
1001110001110011111010100010110110
1111
101001110000111
1000000100010000011000000110011110010111101
1100101010000011101101
0110000000100010101100110000101
011000110110101
111100111101000110111111100
00111011110100
0110001001001000111110000000100001001101
010000010111110001101011100100101101001101
11001100110000110101011111
1001110101111100111001010111000111101110110
1000000001101110010101011111101101101
1110100001010001001000100011001100111100
110000110110111111010011111100111
0011000101111110101010100011111111010101
0000111100101000101100111100
10000110111000111111010010110101
1101111
01100000010100
0010000100110100011101000001110010111000100101
0000000101101010110100110111011001011101010101111
1000000001101110010101
111010101110100110001011001111111111
0101010110111110011110110110100111010111101100110
1000000100010000011000000110011110
00001001011001100001100
000001011011100101100101
000100101101101101101111101
111110101111110000000010010001101010001010110
0011010101100000101101000011110000001001100
01100101000010111000010011101000111101
000101110001100100000110000001100
001100000100111101
00001001011001100001100101100011011100
1010011111001000010110000001101111
00101100011010100110100001100101111
000111001111111000100100010001101
0000011100000101111100000101011000110101010100
1101000100010101000010111
00101001010101010001010111111
1011101001001001100001000111
1101000100010101000010111000100111100111
11010001000101010000101110001001111001110
1000000100
011111000111010111
00011000101010110
1111001110000110011000000110
01100111010001010100101
11111111110110101
11010110010101011111001111010110111111100
01111100111101101000100
0010100010010010111100101
0011010111111101101011100010000010110111101
10011010111100111101001000101111010111
101110100100100
1100011110001110000000111111101110111001100000101
1000010001011011001000010110101010101011011101111
11110001111001001000111010110000001110100
111100011110010010001110101100000011101
1100111101100001000010000100011110
11110011010111110101100
10000111101011110010000110010111001111
0111110001110101111000011101111101
000100101
00000000010010101
11110111111011111110110010010010000011111111
0010100000010101000010010001100100001101
0101111110100110011111011101
011011011110010000010101100011110010010111011110
011111001111
11110011010111110101100101101
1000011011100011111101001011010111
001110100000110100101001101110110111
0000010110111001011001011111010010000100
010111000001000101101
00111010000011010010100110111011011111110110
1101000101
1001101100101001010011111010001000001011111011110
110100010001010100001011100010011110011100
110000110110111111010011111
00110001011111101010101
11110110000111110000010100111111110111101100
11001100100001010101
000000000100101011011111111110011011010011101
011011010011010001111101101
11100000010111100101001111001100100101101110
0111101011010001111111000000000100010000110
001010101100100111
10001011010011111110100
10100100001111101101100110101100
11011100110000001011011001111010110010111110
10000111000101111110111101100000100000100
0010110001101010011010000110010111111111111
100100001110011000101100001000100001010001011100
0111111001100011110001111011010110010111
101110100
1110100001010001001000100
1001010000011000000110
00011101100001010111000101
00110001010111111
1110011101110110111011010010111111
0111110101101111101
0111101010110100111000101111011101
01011010111001010101000101100100110100110
10011100000001001001010000101111101111
100000001011001100010000101
01111010101001101
110100010110010011101000100000100111
0110111000111011100001110000010100100111010110
0100111011000111101
001001001101000111111000100
1100011110001110000000111111101110111
1100011000001111000101
1100011000001111
00010000110101
00111111
1100001101101111110100111111001111000110111
110000111000010101011010101110100110111
0010000111101110111100000101001001101101000001111
10111011011101100101111010010111100
1100111101100001000010000100011110000100111
1111001111010001101
010010101011011001100010101101110100001110
000001011111000101111
1111101011111100000000100
011111000111010111100001110111110100101
1101011110110
1010010100100101100
000001101101100
011011100
100110101
0001101000111101011010111001011110101110011100111
01100100100101010100110010110
00001010111
001100010101111111110110101100
0100
1010011100001111001111100110000010010010101010111
100011101
10111100
011000000011001100
1010111110000010100101100111001100111
010011101100011110101000100101
10100111
00010010110110110110111
001010010101010100010101
1111111100011101100101100000011011011111
1111111111011010110
0001101000111101011010111001011110101110
0111101111010101
0110110111111110101010110
0100011000001101110001110100011000100
11110001111001001000111010110000001110100111110
01101110001110111
11010111101100100110111
111101100001111100000101001111111101111
00111010110
1101011010111010011001101111001110000011101100110
10101001101101100001001110110
001110100000110100101
11011000111110001101
00000010101110
001011001101111101111011011011001100
101101000110001001101001000100111010111
01111010101101001110001011110111010110110111
0001101000111101011010111001011110101
100000000100
00111100
110111001100000010110110011110
1101100011111000110101
11111001110011100100011111110000000111
0001011100011001000001100
00101010011010010011110
011110101011010011100010111101110101101101
01100000001100110011000100100111
0100010001011010101111110001101110101
01100101010001111001111110100000010001100
01010000110011001000010001010111111011100
1011101001001001100001000111111010011110001101
00110001010111111111011010110000101
00001110100100101001010111000100
10111011011101100101111010010111100011110
110001100
110001100000111100010101
10110101010111
1011110011001100111101110
010001000101101010111111000110111
011011010110101100100101000001110001110
11011000111110001101010111001111100100100010101
111101111110111111101100100100100000111
11110010100110101101111101001111101
001111100
00100011011010110001110010010010100
1111011110101011110100101000011001011001110
1111001101011111010110010110111110
011001111001001101010111
11010111001100
11011110001001101010010110010110101
110011010011101010000111000100
1110100101
01111100111101101000100010101011001101110100
111110011100111001000111111100000001110110110110
101000111110
00101001010101010001010111
11111100101111101
1011101101
0010000111101110111100000101001001101101
110010101000001110
0100111001100110100010010101110010100011111100101
0000100101100110000110010110001101110
01001010000000010101011100001110
10000111101001011011100101
110010000100100101001000000111
110111000110111
01101110001110111000011100000101001001110101
11011010001111001100011100111011111101
11110001111001001000111
1111111111
010100010110101111111010110
1001100001100011111011110000010110
1011100011010100
100001111010111100100001100101110011111
111010101110100110001011001111
111010001110000001111011111100110
0110000000110011001100010010011111101000110100
01111010101011001111011001111
10011100
101000011101
100011011100010010010001000111100111100011000100
110101
000000001011101
10101000000101100110111001100
0111001101101111010110110100000101001111
001100010101111
1101111000100110101
111111001110001101000100000111
10100000101111001000011100
01100000001100110011000100
10011001110010000010101101110111101
010000011111111110100000111111010110110101
111111110110100010010101110110110101
10010110
0010000100110
11011010001111001100011100111011111101001110101
1111000011101110010010101010111011101
1110011101110110111
0011110100010101011101101100000011001010000110
01111110000010010111110011101111000011100111100
00011100111111100010010001000110101110110001101
11111000011111001101011101
10010110100001111000001010111
101110110
0110011000101101101
101011111
100111010100001111011011111
11100110011111111101011011110
1100001110000101010110101011101001101
011111010110111110110010001101100010011101100
0110001011101110011101100001001110100000111110
110011110110
001111000001111110110
001001110
001010101
01001101
11101110100
000110001010101101010000110000110
011000000011001100110001001001111
10011101010000111101101
011000011011010110100000001001110
0100100110011110110011111
1010111
100001110001011111101111
0010110011011111011110
1010111110000010100101100111
11011110001001101
11001100001011111111100011011010100111100100
111111000001110011100011110100110111101101
1101011100110010100110100
1111011110101011110100
1111001011100100111010001110
0110000001010000010111111100
11000110001011101
001010011010101101101110011101100101101
000001011111000101111010111001011011101
110011110110000100001000010001111000010011111
0111110110110001010111000100101000100011100111
01100101101111110100011111101001101
1001101100101
1000000001101110010101011111101101101101111
111101111010101111010010100001100101100
10000001000100000110
0011001110010011111
1100100010110000100001100100110011001111
100010110100111111101
00110011100100111110011010000011101000100010101
0110000000110
1100111101
111100011110010010001110
1000000001101110010101011111101
0000011010011110101101101
1011000010001111001111
00011100111111100010010001000110101
01001000001110010100101100111000001110101100
1100110001101111101101111010100
00001110100100101001010111000100000110
001110101101111110
010001110101011100101010011111001111
00011111
001100000100111
10011110101
0100101000100110001100010110100000001000010100101
1011101001001001100
101001010010010110000001110101110100100
1000110110100010000110000110
001100010101
11111111011011010011100101100
1101100011111000110101011100111110010010001010101
111110001111
01000110010000100
10001101101000100001100001101110000011000111111
0111110011110110100010001010101100
0110110111100100000101011000111100100101
0001110000111001001101010111
0111001101101111010110110100000101001111111
10100110110101010100100100001101110
001100001101110100011110000000101110111111
011000110110101111101
10111100111000101001111101010001010100101
0110000100111100000000001110100
011110101010011010000100000100000100011001001110
0000100101100110000110010110001101110010101
001010010101010100010101111110000001010110101
1110100001010001001000100011001100111100100111
000011101
10010111101000110011111
100110101111001111010010001011110101111101
11101000010100
10011101010000111101101111110111111010101
0111101010100110
101001111
1110001110100
010010011001111011001111
0001010010011110
001011100011010111110111010100101000010001101101
11100110011111110
01101101111111101010101100111
000111000011100100110101011101110111101
1010101110010100101010100100111000100000101
1000000001101110010101011111
111111001110001101000100000111001100100111
10111000110101001010001101000101111
0001100011101
001100111001001111100110100000111010001000101
11000111100011100000001111111
0100111001010101111110000101111110000001000110110
00000110100111101011011010101101
0100110101011101
01101101111
0001001010011001101000001110100111
10011101
1101100111010010111000001001101100100
00001110100
1000111110011011100110
0110110111100100000101
1111111
1100001101101111
11100011101111011010011100111
11101101100111101001000001100100111100111
01110111100101
01111001000101
1111111100011101100101
1100111010011100110000111100110100101000001110
1110111
110101101011101001100110111100111
11110011110100011011111
11010111100100000101011000111110000101100110111
010110011001000101
011111100
011110101010011010000100000100
1001011110100011001111100
111110001111100110111110010110000001001110101
010001111101
010101
010101011011111001111011011010011101
011010010000111100111101010111001110010101101
11101110111
00100
0110110100110100011111011010110
001000110000011011001001011110101110
100111000000010010010100001011111011111101100
00000000101110100100001110
001110111101
110010101000001110110100010111110100110
1111111100001111
11010111101100100110111010111001010101101
110101111011101011101000100101100
01101
00111100000111111
10010110010110010101110000001110
0001100010101011010100001100001100000010110110
1011011111111
0100011101110000110000100100
10110
011011010101
0010100010010010111
0110001001001000111
001000011110111011110000010100
111100111
11001100001011111111100011011010100111
01110001110111
000100100101011011110100011000100111110
11110011110100011011111110000000001101010100
1010000110010110011111000000000001011100100011111
01111010101011001111011001111011011001101100110
0010100010100101
011000000101000001011111110010100011100000100
110000110110111111010011111100111100011011111
110111110010000111010100
010000100
101000110101011010000011011010100111100
01101101111001000001010110
01011110001010100001110001110011110010111110111
01011010110100101111001010111011101010110010101
1100110
10000000111
0111101010100110100
100100
0100000101
00101010110010011101101110100100101
0100000010010101
0111110101001001100011011110011111
1000110100010110111
0100111011000111101010001001011110001000110101101
100110111111101010010001110101011101001101
000111011000010101110001010110101011011000101
1111000111100100100
011010000001100000001011011111001111100101
0110001101101
111100111101000110111
01001101010010101010110100001010101000110111110
11010100001100010101101101010000000111100
11010111101100
0111001101101
11000011011011111101001111110011110001101
01000001111110
011110111101010101101100101101001001111001111100
01111011110101010110110010110100100111100111110
111011110111
100111010111110011100101011100011110111
110111001100000010110
1101111100100001110101001001110
0001100011001001011111101
011000000101
01000101
11110111101010111101
01010000110101001011000111100
01001001100111
100100111000100011111110
110011101001110011000011110011010010100000111
110011000001100101010001100
10011010111100111
00110
110100011111001010110101111001000100
0111001101101111010110110100000101
000101001001111010000000101000011000011010101
0011000101011111111101101
01111111
100010101110110101100000011011001101100
11100
111101101001111110001010001100110111100110
1111100011111001101111100101100000010011101
1001001110001000111
0101011101
11010110010101011111001111010110
1110001110111101101001110011111010000000110111
010100001101
01111101010010011000110111100111110101101
110001100000111100
1111011111101111111011001001001000001111111101101
00011000110010010111111010011011001001000110101
11000110000011110001010110000010100
101110110111011001011110100101111000111
1111001110000110011000000110010110111
01100010010010001111100
1101110001001000011010011011111101000010100110101
0110101
1010101001111011011000111111110111101111110100
1110100011100000011110111111001100
010011010100101010101101000010101
01001110
100001101111101111100010100100010111
10000001000100000110000001100111100101111010110
0000000001001010110111111111
1101000101100100111010001000001001110011100111110
010111100010101000011100011100111100101111101
10000001000100
0001010010011110100000001010000110000110
010001000101101
100111010100001111011011111101111110101
0001011001110010001011110
0100100
01100111101001111111
00000000010010101101111
111010011110011100011000011100111010111
01011010011101111111011011111011010101111
1100110010000101010100010111100100100100101
00000000010010101101
0100011101110
001010011010101101101110011101100101
01111011110101010110110010110100100
1110110001000101110000100111
0100110101001010101011010000101010100011011111
1101011010111010011001101111001110000011101100
0011110100010101011101
111101001111
00110001010111111111011010110000101101
1100111101100001000010000100
001100010101111111110110101
101111111110001100
001000000011110000011111
0010111110000001110000100011011000100
110101000011000101011011010100
1110100001010001001000100011001100111
0010100
101101111110000100000011111011101
0011000011011101000111100000001011101111
101101110011101010110101001001010000010101
110111000110111101000111111001011000110
10010110100101010001001110010110100001101000100
011110101
011011010011010001111101101011010100101
1100110011000011010101111111100001101111100101
01011010111
1101101101111000001000010101111110100110
0110000000110011001100010010011111
110101100101010111110011110101101111
0111110001110101111000011101111
111100011110010010001110101100000011101001111101
01101011100110000111
011100111100001100000101111
10010111101000110
10100100001111101
111010000101000100
000110001100100101
011111
010000011111100101101011110110010001100
11110000111011100100101010101110
01101101
0001110000111001001101010111011101
00110101011000001011010000111
011001001001010101001100101100010000100
1111111111011010110101001010100010000001101
111010001110000001111011111100110011011111010100
01000100010110101011111100011011101
0000100101100110000110010110001101
111001110011010000101000100111010110
0111111011100000111010101101101101010100101
0011110011100
01100011011010111
1010000111010101101
0110001101111
1101100111010010111
1101111100100001110101
001000011110
0100010001011010101111110001101
00111110
001110111101000111000101101110
1101110001101
0111110001110101
1010000010111100
101001110100000111100100000111000111
1110101011101001100010110
1011101010011010011101
00110110100011011110001001100
110011000001100101010001100101011110001010111111
1001101011110011110100100010111101
000101100111001000101111011000110001010110000111
1100111101100001000010000100011110000100111111
0000001111010101010110110010101111100101111
1111101101001110101001101011010110
111111111101101011010100101010001000000110110
1001011110100011001111100000011100101101
11111001110011100100011111
0011000001001111010101100001100110101100110
010001100000110111000111
0000010110111
110101000011000101011011010100000001111
0101010110111110011110110110100111010111101100
011001100010110110101111100010000101
00111010110111111000110001000001111
0111101000011010010101111100011110100010101
01111100111
010111100000100010101111
11001100000110010101
0000111100
1001101101110111001001011001111101101101
00001110100100101
0010110011011111011110110110110
00000001111
010001110111
1010101001100
0110000110110101101000000010011101100011100010111
111010001110000001111011111100
1101011110110010011011101011100101
1011000010001111
100010101000000010100101010011010010111001101100
0111001111000011000001011110010110100
10000101011001111001100011101100001000111011111
0110110111100100000101011000111100100101110
11100111011101101
101111
101010100111101101
011010010100001111011111000100
00001111
101110011011110011111011110110110
1011110001101011001111100000001101000100101000111
0101011000010110000101111111101
00010010010101
01111011110101010110
0001111100101100001101
011011011110010000010101100011110
01011100000100
11100100101101100101100
0100111001010101111110000101111110
111010010000000101010001110101
111110011100111001000111111100
00000001011010101101001101110110010111
1111000111100100
0110010101000111100111
011011011111111010101011001110111
111000000101111
11100110011111
01001001100111101100111111011000000110000110101
100101111010001100111110000001110010110101
10111100110011001111011101100011110
1110100100000001010100011101010101111
000011110010100010110011110011010101110
00001111001010001011001111
011000001110001001000101100011000000110101011100
101110011011110011111011110110
000000010110101011010011011101100101
00011100001110010011010101110111011110101011111
11110111111011111110110010010010000011111
1111100111001110010001111111000000011101101
0001001011011011011011111010101
1000011110101
0110110111100
000111000011100100110101
0110001101101011111
001111101001001010110
110010101000001110110100010111110100
00000110110
001011100010000001000010101100011111000111
10001000001110110
01000000100101010101001101110111100
11101000111000000111101111110
10010110010110010101110000001110000111100
001111001110011100
111010001001011001111100100010110
1101100111
01110111100010101000011010001010001001001010101
100110101111001111010010001011110101111
0110110111100100000101011000111100100101110111100
110011001100001101010111111110000110111110010111
110010101
1111100011111001101111
10001100101
111110011100111001000111111100000001110110110
1001101
01001110110001111
011001011011111101000111111010011010111111
110101111001000001010110001111100001011001101
00000101101110010110010111110100100001001000101
0010000111101110
01110110011111000001101000110000111
101000100000100101110001111110100
010000001001010101
0011000011011101000111100000001011101111111
10010110101010101111101011100011001000100111111
010001000011001100101001101001011010011000101
01001110010101011111100001011111100000010001101
101111000110101100111110
1111110000011100111000111101001101111
01100101101
111101001111001010101
10101000000101100110111
011001111001001101010111111011110
1010001001001100101100010110010110011111111010100
0110001001100001111100101
01001110010101011111100
11001111011000010000100001000111100001001111110
011110101011010011100010111101
110101111011001001101
0111101111
1100111101100
1101101000110010100010101110110011100110101
11101010011011001001010110
111101111010101111010010100001100101
11110110100111111000101000110
1100101010000011101101000101111101001101001100110
101000011111100000011101
011001011011111
011000000011001100110
01111100111101101000100010101
1111100011111001101
10000000011011100101
00011101100001010111000101011010101101100010111
1111101011111
000000101011100
0110
11101000010100010010001000110011001111001001110
00000001011010101101001101110110010111010101
11010110101110100
010100001100110010000100010101111110111
011000100110000111110010101111
10111011011101100
110011110000000110110010111
1111000011101110010010101010111
010011010100
000101110001100100
0011111
001000000011110000011111001100000011110
001111110100011101101
000010010110011000011001011000110
10001010111011010110
00000101101110010110010111110
101101000110
011110000000111011001111110
01110000000001001110101001111110100001101
000111000011100100110101011101
10100010000010010111000111111010011100
100011111001101
0100011000100111001001110111010011100001011110
001010011010101101101
011111100000100101111100111
00101100011010100110100001100101111111111
100010000011101100
011111110010011110111000011001110
0101001010010001110
011001100010110110101111
000010010110
01101110001110111000011100000101
1111111111011010110101001010100
1001101111111010100100
010011100101010111111000010111111
0111011110001010100001101
1111001110000110011000000110010110111110
1000011011100011111101001011010111111111
110110
10100011111011100101010100
01010111
000001011011100101100
0011101
111111111101
010110101101001011110010101110
01111110011000111100011110110101100101
10100001100101100111110
1101011110110010011011101011100101010110111
11101001000000010101000111
1100110000011001010100011001010111
0011000101011111111101101011000010110110111110
0110011110010011010101111110111101111
0010100110111000001011011011100110
1101101110010011111
1010010001110110001011001001000100100010111
10010011100010001111111
1010100110000110111111101011110111
111100001110111
1110001010100011101011111011101000110111
00101001010101
110001111000111000000011111
1101100111010010111000001001101100
0110110101011010101010001001010110101
0001100
00000000010010101101111111
11001111000000011011001011100111100101100
010000010111110001101011100100101
00010010010101101111010001100
111100011110010010001110101
1011011111111100001010000011100111011001110000110
0000000001001010110111111111100110110100111
10100
11010111100100000101011000111
11101010100100101001001100110000000000100101111
000100001011101100101110011110101110000111
000001011011100101100101111101
0100011101010111001010100111
01011111101001100111110111010111111
000100001011101100
001100000100111101010110
10100110110100100001100100000000000010111110110
0111000000000100111010100111
00001001011001100001100101100
010111111010011001111101110101111
001110100000110100101001101110110111111101100
110110111
01000110001001110010011101110100
011001010000101
01011010111001010101000101100100110100
00010100100111101000000010100
000110001100100101111110100110110010010001101
0100010011110111
10100011010101101000001101101010011110000110
1010011111001100
10100010000010010111000111
1011110001101
1010001001001100101100
011100011101
10000001010110110001010100100001010001010001101
0101011000010110
1111100111001110010001111111000000011101101101
100000100110001111
001010010101
101001010010010110000001110101
10100111110010000101100000011011111100111101
100101000001100
111110011100111001000111111100000001110110
1101100011111
01001110110001111010100010010111100010001101
0100011101
0100011111011010011101
001010001001001011110010110101101000011010101
001000000100
11101010011011001001010110011111100
111100001110111001001010101011101
011111010100
001010100
11101000010100010010001000110
1001110000000100100101000010111
0110110100110100
1010011011010101010010010000110111
01001110010101011111
0100011101110000110
10011101010000111
1011011100111010101101010010010100
1011101101110110010111101001011110001111001111
01001010000110111110011000010100111011101
1111000111
101110101001101001110110001101
1111011111101111111011001001001000001111
101110110111011001011110100
011110111101010101101100101
0100101010110110011000101011011101000011100
100101
1111010011110010101010010111001001011000011110111
01000111
01111101011011111011001000110110001001110
00111100111001110011100
00101100011010100110
1110100001010001001000100011001100111100100
101000100100110010110
10100110111
0001001001010110111101000110001001111101111
101110110111
11100011101
11100011101111011010011100111110100000001101111
0101000011010100101100011110010010110
0010101011001001110
1101100
0000100101
001100001101
1110000001011110010100111100110
1011000011100001011001111001100111010011111
00101100011010100110100001100101111111111110
1000001101
100011010001011011110010100101111010000111110
101101010101110
100000000110111
0011110011100111001110000010111
0011010111111101
011110101010110
11100111111110100
11110011100001100110000001100101101111101
000100101101101101101111101010110111000100011111
101110100100100110000100
11000111100011100000001111111011101
1000110000101010010011111000100000110100111101
111101001111001010101001011100100101100001111
111010001101010010100101000110
011111100000100
1010010100100101
110100010001010100001011100
101100001110000101
11001000101101100110111
1011110011100010100111110
1110100011010100101001010001101100
0010100000010101000010010001100100001101100100110
1000000011110010110100000000101001101
011000001110001001000101100011000000110
011000110110101111101001111001111
001000000011110000011111001100000011110101
0001111000111101000110000010111100
101100001000111
1111111100001111001001111000011111001010000101
100110110010100101001111101
011100110110111
01101110001110111000011100000101001001110101100
00100001111
0000111010010010100101011100
001110111100010111000101100100
110111001100000010110110
001110111101000111
00110110110111110011011000100011011001101000101
001000000100101001000001000100101111
111110101110010101
101101111110000100000011111011101100010011001101
101010000001011001101110
111101111010101111010010100
100111010111110011100101
10010000111001100010110000100010000101000101
111001100111111100111010001010001101
11111001110
0010100000010101000010010001100100001101100100
110101111
010001110101011100101010011111
1111110000011100111000111101001101111011010111
1011110001101011001111
101001101100010010011010100111
011001111
1111001111010001101111111000000000110
00110000110111010001111000000010111011111
1101110001101111010001111110010110
110001100000111100010101100000101001100011100
0001010010011110100000001010000110000110101
1100110000101111111110001101101
010010010100101
001110101101111
11110000111
0001011110100100101001111000110100
1110100011100000011110111111001100110
1111000011101110010010101
10100000101111
10100101001001011000000111
000001010010010101100
101000111
011100000001010010110110100101111111011000111111
001010011010101101101110011101
1001101101110111001001011001111101
01010101101111100111101101
01010101101111100111
00000000010010101101111111111001101
110011110110000100
101000100
0100111011000111
1101111000100110101001011001011010110101111
110110110
111000111011110110100111001111101000000011011111
111001110111011011101101001011111110011100
1111100111001110010001111111
11001111011000010000100001000111100
000100001101011101010011110010100
011110111
1001110000000100100101000010111110
001100010101111111110110101100001011011011111
110110001111100011010101
11111001110011100100
1110111001011011010111010010010001000100
0111000000010101110111110
100110000110001111101111
1011111111
111110011100111
01001010101101100110001010110111
1010000111101101110010011100000010010000010010110
1111001101011111010110
01101011100110000111011011010011100101000111111
011011010011010001111101
100001111
001100010101111111110110
1010101
11100000010111100101001111001100100
001100111001001111100110100000111
111000111011110110100111001111
00011000111010111100110101
0010111000110101111101110101
11100011101111
0000000101101010110100
001111010001010101110110110000001100101
01010110000101100
1111001011100100111
1110000001011110
0100111001010101111110
101001010010010110000001110101110100
01001010000000010101011100
01011111101001100111110111010111111100001110
10111001101111001111101111011011010101
110101111011001001101110
1111000111100100100011101011000000111
0110110111100100000101011000111100100
11101101110000000110100
001011010110001010101101111
100000010001000001100000011001111001011110101
0110010101110
00100000001111000001111100110
1010000110010110011111
111101111010101111
11011100110000001011011001111
010001000101101010111
11001000010010010100100000011101011100
1100011110001110000000111111
01101101111111101010101100111011110101110100
00001110100100101001010111
1111100101101010100010011011001010001010111
100100001110011000101
0011110011100111001110000010111000010100
0010100000001100111100100
00010101110010000011011111010110011100111
10111111111000110011110001101000011111101100
0000011011011001100
110110011101001011100000100110
110110100011110011000111
10100111000011110011111001100000100100101
0010110011011111011110110
101000001011110010000111
110001100000111100010101100000101001100011100111
1001100111
11100010101000111010111110111
00111101000101
111110110100111010100
0001101101010011010001001011110111010010100100111
1011101101110110010111101
10011100101100
10000001010110110001010100100
1101100111010010111000001001101100100110
001001000010101
001111001110011100111000001011100001010011100
1111111111011010110101001010100010000001101100
00000101101110010110
01010101
0011111010010010101100111000010001111
11110000111011100
100111110101110111
0000101011100110011010100000111100110100
1101101110010011111101000000001110110011100
101
00000101111100010111101011100101
10011101010000111101101111110111111
0011001110010011111001101
01111001100010000011110011010110
00000101
10001100111010001101111110011111111
110011000001100
011110
01000100101
111111
00101000100100101111001011010110100001101
01101101001101000111110
11011100011011110100011111100
10100010011010101
111100001110111001001010101011101110100011110
1011110
0100000101111100
101001101011000110
101101111111110000101000001110011101100111
100011011100010010010001000111
100000001111001011010000000010100110100101
0010100101010101
1000110000101
011111110010011110
10000011010111011100001101
11100010101011000000111111111110100011101011100
00111011110100011100
0111001111000011000001011110010110100110110
11101101100111101
011110101010110011110
0010000111101110111100000101001001101
11110011100001100
1111101011100101010000001111011000110110101001101
110111001100000010110110011110101100101111101111
0101111110100110011111011101011111110000111
011000000101000001011111110
00011000111010111100110101000101010101011101
11111000111110011011111001011000000100111
0001011001110010001011110110001100010101100001110
10000000111100101101
100000110111
000011111010100
1010100110
000010010110011000011001011000110111
1101011100110010100110100001110000000010100
01110110011111000001101
00000000010010101101111111111001101101
01110011011011110101101101000001010011111111
10011111
111100001110111001001010101011101110100
010000001001010101010011011101111000100111
1110000001011110010100111100110010010110111
1010010100100101100000011101011101
01100000001100
1100110011000011010101
0011000101111110101010100011111111
011110101010110011110110011110110
10111000110101
1001101100101001010011111010001000001011111
11100011101111011010011100111110100000001101
100101111010001100
000110001110101111001101010001010101
001011000101011001100111001101
0110010100001011100001001110
111001111111101001111100100110000001111
01110010001011110000111010011100100111000000111
011000000101000001011111110010100
1010011101
0010100101010101000101011111100
011111000111
00111010000011010010100110111011011111110
111111001011111011011101
0100011101110000110000100
1001001110001000111111100
000101001001111
0100011101110000110000100100101000100001000110
0101000101101011111110101101011101000111110100101
11011100011011110100
101101000110001001101001000100
010101110110001001100000101001001101110010111101
0011000011011101
1011011111
10011000011000111
11101001010100011001010101
011011100011101
10101001100
01111010101101001110001011110111
1000000001101110010101011111101101101101
001101010110000010110
01000100111101
0111011110010100100111
0001001001010110111101000110
0100111001010101111110000101111110000001000110
1011010001100010011010010001001110101110
1111011111101111111
11101000111000000111101111
00110101111111011010111000100000101
01111011110101010110110010110100
000111001111111
000111001111
10111011011101100101111010010111100011110011110
101000011101010110101011101001100
101010111001010010101010010011100010000010101111
01101001110011001001110010010001110100101
000011101001001010010101110
11101
101111111110001100111100011010000111111
10111010010010011000010001111
111111110000111100
1110111011111
0001110100010000100000111000010100
001101010100100110000011010100111
01000000100101010101001101110111
0001100010101011010100001100001100000010110
010010100100100100111011101000110
01000110010000100110110100010000100
1000111110011011100110110
10110000111000010110011110011001110
1011011011000001101000101001100100010101
11000011100001010101
0110110100
111000000101111001010011110011001001011011101111
10000111101011110010000110010111001111110101101
000111000011100100110101011101110111101010111
011000110111101000011100110101000010011101100100
0011111101
010000100111111001100011010000101110101100100
111101111010101111010010100001100
10000000011011100101010111111
1011011011000001101
0100101001001110000011100011101101111110111110
1110001110111
0111110001110101111000011101
10000010011000111
1111011110101011110
111110110100
11110000111011100100101
11010110101110100110011011110011100000111
000111100011110100011000001011110
001010001001001011110010110101101
11101111011111100001000011001000011000100
1111001110
111101111010101111010010100001100101100111010100
101110110111011001011110100101111000111100
11110011100001100110000001100101
011000000011001100110001001001111110100
101010100110010010000100
101110011011110011111011110
1010011111001000010110000001101
0111011001111
110100010110010011101000100000100111001110011111
001010100001000001000010011101
0100110101
10100001100101100111110000000000010111001000111
100111010100001111011011111101
001111001110011100111
11110001111
011000100110000111
01000100010110101011111
0010000100
101111000110101100111
010001100111111110001100100011101001000011010110
001011000110101001101000011001011111111
0111110110
0000000001001010110111111
110011010011101010000111
100001101111101111
0011101000001101001010011011101101111111
111111000001110011100011110100110111101
011100000000010011101010011111
0010101010101
11100010101000111
10100101
01101101111111
001100000100
001001000010101000101100100101
101001111100100001011000000110111111
0011000101111110101010100011111111010101110
0101111000001000101011110110110010010000110
11010111101100100110111010111001010101101110
1101000100010101000010111000100111100111000110110
1110010010110110010110
10001100001010100100
001111000001111110
01111000110110010000010111000100111
0111100011011001000001011100010011110101000111
01100101000010111
100101111010001100111110000001110010110101001100
100011010001011011110010100101111010000111
101000011101010110101011101
000000000100101
10110111111000010000001111
1010000010111100100001110010101
000111011000010101110001010110101
111001100111
101001110100
001000110110101100011100100100101
11110111101010111101001010000110010110
11110011100001100110000001100101101
101001000011111011011001101
001000011110111011110000010100100110
0000111100101000101100111100110
00110000010011110101011000011001101
0101
11111111110110101101010010101000100
010000001001010101010011011101111
00000010101
0111101010110100111000101
01000110010000100110110
011110101011010011100010111101110101
101111000110101100111110000000110100
1000001101111110001101
00111000000011000011001000101101
111010010000000101010001110101010111101
1101100100110000101001111001001110110101111
110110011101001011100000100
01100000010100000101111111
110010001011011001101
011001010000101110000100111
0000100101100110000110
00011100111
1100111101100001000010000100011110000100
0011101111010001110001011011100
101000011111100000011101100110010100001010101
011011011110010000010101100011110010010111
1100110100111
101001010010010110000001110101110
1110011001111111
11101001000000010101000111010101
11011001110100101110
000110010101100111010011101101110100101
1101011101011001011000011101111100
01111110000010010111110
0100101010110110011000101011011101000011100000110
01100000001100110011000100100111111010001101
111101100001111100000101001111
010110011001000101010110001010000000101
101000001100010010100111
1001101111111010100100011101010111010011010100111
010101011011111001111011011010011101011110
1101011110110010011011101011100101010110
10011011001010010100111110100010000010111
01101011100110000111011011010011100101
011000100100100011111000000010000100
0111101010101100111101100111101101100110
00110000110111
00101111001101
010110101101001011110010101
1011101101110110010111101001011110
0001001011011011011011111010101101
001100111001001111
11111111110110
10010111101000110011111000000111001011010100
1000000010110011000100001011101110110100100111110
01111010101001101000010000010000010001100100111
011100111100
11111000111
1011110011001100111101110110001111
011110101000001101110000011000111100000011101
11111010111001010100000011110
010000010111110001101011100100101101001101110
011111011011000101011100
1110001110111101101
1101011101
010111111010011001111101110101111111000011100
0011101111010001110
011011011110
001111110100011101
00100000001111000001111100
111101100001111100000101
00101010101
00111000000011000011001000101
0001110110000101011100010101101
110111100010011010100101100101101
0100000010010101010100
0100000111111001011010111
000000010110101011010011011101100101110
1000000001101
0001100011101011110011010100010101
01010111011000100
101101100101010000100101001001001110000110010101
011011100011101110000111
0010100101010101000101011111100000010101
000111101110110101010011101101110010111
110010111100010000001101011011011010110
0110000000110011001100010010011111101000110
01111101011011111011001000110110
11100000010111100101001111001100100101
100110111111101
0100100110011110110011111101
110010101000001110110100
10100001100101
000001011011100
101111001100110011110111
001110111101000111000101101110000011110
111001110
11000110000011110001010110000010100110001110
100000010001000001100000011001111
01101101001101000111
111001100111111100
00011000110010010111
00101001010101010001010111111000000101011010100
1101110001101111010001111
1110011111
1001110001110011111010100010110
0001010111
0110110100110100011111
10100110110100100001100100000000000010111
110111000100100001101001101111110
01111011110101010110110010110
10110110
010100101100000111110000010101100011101001110
011000100100100011111
1001110010110000100001101011010111111
1001111010111
1111011000011111000001010011111111011110
0101000011010100101100
011110000000111011001111
0000001010111001111110110001010011101
1001011110100
010101011011111001111011011010011101011110110
11110011100001100110000001100
11101010100100101001001100110
001010001001001011110010110101
11111010111
11101100
00010101010110001011101011110001100111
00010111000110010000011000000110
1110011100110
11101101
0000001010111
111111110000111100100111100001111100
001111000001111
11011100011011110
10111100011010110011111
00001110
00000110110110
10011101010000111101101111110111111010101100101
00011101000100
11001100000110
0101100110010001010101
11101010111010011000101100
101000001100
01101101111001000001010110001111001001011101
100001000101101100100001011010101010101101
101001000011111011011001101011000001111
1000110011101000110111111001111
001100001101110100011110000000101110111111101
1001110000000100100101000010111110111111
00001111001010001011001111001101010111
00011110111
00110011100100111110011010000011101
101000011001011001111100
011000100100100011111000000010000100110100
0110110111100100000101011000111100100101110111
111100
111110101
011111101110000011101010110110110101010010111
1100110010000101010100
110001100000111100010101100000101
0110000000110011001100010010011111101
0101111
1011110001101011001111100000001101000100
0011110011100111
100000110101110111000011011100011101110000101
00011111001011000011010000010010000101
11001100110100011001000100
001000010011010001110100000111001011100010010100
11011100011011110100011111
1111000011101
10100100011101100010110010010001001000101
0011101111010001110001011011100000111101
1111110000011100111000111101001101
011110111101010101101100101101
011110101010110011110110
1011011100
100000010001000001100
001000011110111011110
0010101011001001110110
11101000110101001010010100
001011010110001010101000001011000111111101
11010111101
00001001011001100001100101100011011100101
00101001010101010001010111111000000101
0001011001110010001011110110
00011101100001010111
110111
101011111000001010010110011100110011111000101
11100011101000110
111010001101010010100101000110110000101001101
0110000110110101101000000010011101100
1010010000111110110110011010110
10000000010001010111100101111
01010001011010111111101011010111010001111
11100000010111100
000110001100100101111
111100101110010011101000111000010111000101111
1111100111001110010001111111000000011101101101100
110001100000111
1000011110101111001000011001011100111
110110011101001011100000100110110010011000100
100101111010001100111
101110100100
00110000110111010001111000000010111
011000110111101000011100
00011000111101101101001011100
0111000000010100
00100000001111000001111100110000001111010100
10000100010110110010000101101010101
1111010011110010101010010111
11100000010111100101001111
11011100110000001011011001111010110010111
1111101011100101010000001111011000110110
01111011110
101101100101
10000110111110
101110100100100110
01111011110101010110110010110100100111100111
010001000101101010111111
00110111110000000111000100
1101010000110001010110110101000000011110011110
00111011110
111111001110001101
1101011110010000010101100011111000010110011011111
11010110101110100110011011110
1011110001101011001111100
10010100100111011110001001001111000101
10011010111100111101001000101111010111110101
1100100010110000100001100100110011001111010101
1111011000011111000001010011111111
1111101010111000111010101010110
0110011000101101
001100000100111101010110000110011010110
01100
10000110111000111
1011101101110110
110111000100100001101
111010000101000100100010001100110011110010011101
011000100
01100101010001111001111110100
01001010010011100000111
10101010011110110110001111111101111011111101
10110111001110101011010100100101
1111000111100100100011101011000000111010011111
100101000001100000011010010100101111
0011000101011111111101101011000010110110
00101001101110000010110
11111010111111000000001001000110101000101
0101101001110111111101
0011101111
11100111011101101110110100101111
01100010011000011111
10100111000011110011111001100000100100101010101
011101100111110000011010001100001110101
10010111
10010000111001100010110000100010000101000101110
10101111100000101
0000010110111001011001011111
111010100110110010010101100111
01100000010100000101111111001010001110
001010100110100100111100
11001100000110010101000110010101
01111100111101101000100010101011001101110
001010011010101101
11001111
10111000100
000010010110011000011001011000110111001010100
10000111000101111
11100000010111
10000011010111011100001101110001110111000010111
0111110011110110100010001010101100110111
011111001111011010001000101
100110101111
1100
0111110101101111101100100011011000100111
01001010101101100110001010110111010000111
01111010101011001111
01001110010101
110110011101
11010111101100100110111010111001010101101110101
100001101111101111100010100100010111110000110111
0010000111101110111100000101
0110011000101101101011111000100001010101
0110001011101110011101100001001110
110111000100100001101001101111
0000100
1010011010110001100
10101010011001001000010000111011100110010101100
00011110001111010001100000101111
10101
011000110111101000011100110
010101110110001001100000101001001101110010111
01111010110100011111110000000001000100
000000110111000111
0111101010110100111
11010111101100100110
10001101
000101001001111010000000101000011000011010101101
01011001100100010101
1101101101111
0001111100101
00111001110001111
11001111011000010000100001000111100001001111
0010000111101
1110100011100000011110111111001100110111110101
001110111
001011010110001010101101111100101010101000101
010001110111000011000010010010100010000100
1111100011111
00111110100100101
00111011110100011100010110
0011011011011100110111100011011100000111100100
11111001011010101000100110110010100010101111100
001101101000110111
110010101000001110110100010111
100110110010100101001111101000100000101
1001110
100110101111001111010010001011110101
10111010010010011000010001111110100
11011000111110001101010111001111
01000001111111111010000011111101011011010111
11001000101100001000011001001100110011110101
00111100000111111011011101001100110000100110100
11011110001001101010010110010110101101
1000100000111011000101111000101011100111100101
10001100010101100000010100
111100111101000110111111100000000011010101
000111100011110
1000000101011011000101
000010101110011001101010000011110011010000010100
00011110001111
111011101001111
001100001101110100011110000000101
10110100011000100110100100010011101011100
111000111011110110100111001111101
11001010000111000111011111100
101110100100100110000100011111
01000000100101010101001101
011111110100001101001011101110111
0111101010100110100001000001000001000110010011100
000011101001001010010101110001000001100
000110100011110101101011100101111010111
0100100100011111101101100101
101001101110
110111110010000111010100100111
11101101100111
0110000001010000010111111
101111000110101100111110000000110
11010110010101011111001111010110111111100100111
10110111110011011101000100000010100100011111
011010111001100001110110110100111001010001111
10010110100101010001001110010110
100010101000000010100101010011010010111
1100100010110110011011100100111001011011100
1110000000111101011100111100110100001101
110101111011001001101110101110010101
01101001000011110011110101011100
111000111
01111011110101
110001111000111000000011111110111
010011100101010111111000010111111000000100
100000110111111000110101001011101101
101110110111011001011110100101111000111100111
11110011110
01000001011111000110
100000010001000001100000011001111001011110101100
11000110000011110001010110
01110010001011110000111010011100100
0010110101100010101
100111110
0010101011001001110110111010010010101100
01100000010100000101
01000111011100001100001001001010001000010001100
1010101001111011011000111111110111
111010001110000001111
11011100
0100000010010101010100110111011110
1011011001010100001001010010010011100001100101
1110000001011110010100111100110010010110111011110
00011101000100001000001110000101
011110101010110011110110011110110110
01111111001001111011100001100111000110
0100000111111001011010111101100
11111100000111001110001111
0000010111110001011110
1001110101000011110110111111
111100011110010010001110101100000011101001111
01000000100101010101
000110001110101
011011010011010001111
010100010110
10011100000001001001010000101
10000111000101111110111101100000100
00011101100001010111000101011010101
11110110100111111000101
10111011011101100101111
00010100100111101000000010100001100001101010110
10000001000100000110000001100111
000111011000010101
01111100111101101000100010101011001101
00000101101110010110010111110100100
111111110
01000000100101010101001101110111100010011101
000001010010010101100100000100011111
0000111100101000101100
10110111111111000010100000111001110110
10110011000110000101100
0001100101011001110
010001110111000011000010010010100
00110000110111010001111
10110000100011110011110111001100000101
0100000010010101010100110111
11101000111000000111101111110011001101111
01100010011000011111001010111100000100000111
110000110111
100110110010100
0010000001001010010000010001001011111100
1101110001101111010001111110010110001100
0011000001001111010101100001100110101100110110110
011000110110101111
0100011001111111100011001000111010010000110101100
0101011101100
001000000011110000011111001100
1001011110100011001111
00101000100100101111
01111010101001101000010000010000010001100100
011110000000111
01101101001101000111110110
00000001111001111
1001100111001000001010110111011110100
001100000100111101010110000110
1111101101001110101
100111101011100
00101001101010110110111001110110010110111
1010001101010110100000110110101
1111000111100
11001111000000011011001011100111100
110011110
0111001111000011000001011110010110100110
00110001010111111111011010110000101101101
11000111100011100000001111
11101101100111101001000001100100111
100101100101100101011100000011100001111
1111110
1111000011101110010010101010111011101000111
0001011110100100101001111000110100110111001000111
01111010101011001111011001111011011001101100
1101110001101111010001111110
00010000101110110010111
0001110110000101
10000111101
0001011001110010001011110110001100
010010000011100101001011001110000011101
101010100110010010000100001110
000000101011100111111
0000111010010010100101
10100001100101100111
10011110101110010000111
00011010001111010110101110010111101011100
111101101001111110001010001100110
0111111000001001011111001110111
11110100111100101010100101
1001110101111100111001010111000111101
011100110110111101011011010000010100111
0000111110101
1110000001011110010100
0110101110011000011101101101001110010100011111111
01110001110111000101111001100101
11011010001100101
1111101011100101010000001111
1010011111
00101001101110000010110110
001100
11101001000000010101000111010101011110101
00010100
1100011000001111000101011000001010011000111
100101111010001100111110000001110010110
11111111000011110
0110001101111010000111
1010010100100101100000011101
01100010011000011111001010111
1110100111100111000110000111001110101110
0111001101101111
11111100000111
100111101011100100001111100
1011000101101101011101100100
00011101
10101111100000101001011001110011001111
111
100000110101110111000011011100
1011110001101011001111100000001101000100101
10111010010010011000010001111110
11011001110100
10000000010001010111100101111010111011110
1111011111
11001010000111000111
111001111111101001111
0011101000001101001010011011101101
10111011011101
1111011110
1011101
11001010000111000111011111100001100010110
00011110
1011100001000100010100000110011100
1011000011100001011001111001100111
10000111
10110100011111101
1101010001010100101000110
011111001111011010001000101010110
1011001100011000010110011100
00100101
1010000010111100100001110
001111000001111110110111010011001100001001101
01001010010010010011101110100
1110100100000001010100011101
10101010011110110110001111111101
11011100011011110100011111100101
100110101111001111
1111110000011100111
11011010001111001100011100
0011111010010010101100
0011010101
11110011100001100110000001100101101111101011100
000100101001100110100000111
0001010111001000001101111101011001110
01111100111101101
00111100111001110011100000101110000101001110
011011010011010001111101101011010100
1100101010000011101
0000111010010010100
10100110001000100101000100001001110100111110
111010001101010010100101
0100110101011101111
0110101110011000011101101101
10111
0010100101010101000101011111100000010101101
1010101110010100101010100100111
101010111001010010101010010011100
00111010000011010010100
0011000101011111111
110010001011000010000110010011001100111
0101001011000001111100000101011000111
010100001101010010110
01000110001001110010011101110100111000010111100
0101111000101010000111000111
0011101111010001110001011011100000111
0000000001001010110111
10000000111100101
111000000101111001010011110011001001011011101
0101110000010001011011011010100011111000001100100
011111101110000011101
11011011100100111111010000000011101100
010000100110
010011101
0010001100000110110010010111101011101100
0111101010110100111000101111011101011011011101
101001111100100001011000000110111111001111
0001110000111001001101010111011101111010101
011110101010011010000100000100000100
0111101111010101011011001011010010011110011111
11011100010010000110100110
1010010000111110110110011010110000011110
1101111000100110101001011001011010110101
0111100110001000001111
111010011110011100011000011100111010111011100111
0011111101000111
0001001011011011011011111010101101110001000111
1010111110110111000011110000111
1101000101100100
00011011010100110100
0111011110010100
0010110
10111010010010011000010001111110100111100
011100110110111101011011010000010100111111
10111001101111001111101111
101110110111011001011110100101111000111100111100
0011000001001111010101100
110111000110111101000111111
10000000011011100101010111111011011011011111
0110011000101
010000100111111001100011010000101110101
01011110001010100001110001110
0101011101100010011000001010010011011100
01000110010000100110
00110001011111101010101000111111
0010000000111100000111110011000000111
111110011100
111101111010101111010010100001100101100111
100001111010111100100001100101
11101000100
11001100011011111011011110101001010001010101
1110100
001111001110
00100111010010111011111010001110100101
10100111110010000101
1100100010110110011011100100111
110010101000001110110
11101110001010010101011001010011010011100
1110000001011110010100111100
01111011110101010110110
0001011110100100101001111000110100110
1001011001011001010111000000111000011110
001110101101111110001100010000011110111
101101000111
000110010101
010010010001111110110110010110010100100
01111000000011101100
10011101010000111101101111110111
0100101001001110000011100011101101111110111
0110000110110
1000001001100011111110011001100001100001000111
011100100010111100001110100
10000100010110110010000101101010101010110111
110011110110000100001000010001111
0111
1101011110110010011011101011100101010110111010111
01001001100111101100111111
11011001110100101
10000001000100000110000001100111100101
00100011000001101100100101111010111
0001100101011001110100111
1010010100100101100000011101011101001000100
110000110110
101100110001100001011001110000101101010011010111
01100010010010001111100000001000010011010000100
1111100
010000100110011001100001011010101100
0001000011010111010100111100101
010010101011011001100010101101
1010100110110110
01000000100101010101001101110
010011101100011110101
11110100111100101
101101010101
1111011010011111100010100011001101111
00000110110110011000001100
0000100101100110
1010100000010110011011100110
100001101111101111100010100100010111110
01100001001111000000000011101001100111100111
10010110101010101111101011100011001000100
010110100111011111110110111110110101
0000111100101000101100111100110101011101001110
11011111000100000110111110100010111101011010101
10100111110010000101100000011011111100111
01010111011000100110
010010100100111
111101111110111111101100100100100000111111
01111010101101
011010111001100001110110110100111
0010100110101
1101011101011001011000011101
011110111101010101101100
010001100010011100100111011101001110000101111
11101010100100101001001100
11110110100111111000101000110011011110
1111001110000110011000000110010110
1101110001101111010001111110010110001100100
1111000011101110010010101010111011101000111100
01111101010010011000110111100111110
1111001101011111010110010110111
01001110010101011111100001011111
0111000000010101110111110001000001100
000111101110110101010011101101110010111011001111
000111010001000010000011100001010001100
00111110100100101011001110000100
1110011110101101100100110100010001000100
1111100111001110010001111111000000011101
1000110100010110111100101001011110100001111100
1101011110110010011011101011100
111100111000011001100000011001011011111010111
1110110111000000011010001001000000001000010101111
10111000010001000101000001100111
001100001101110100011110000000101110111
1010100110110
011000001110001001000101100
101100001110000101100111100110011101001111100
110101110101100101100001110111110
01000001111
000110010101100111
10101110111100111111011000111111
010011010100101010101101000010101010001101
1100101010000011101101000101
10011011001010010100111110100
1010100000010110011011100110000000111100
00010101010110001011101011110001100111110
11110010100110101101111
11101001010100011001010101100101
011000010011110000000000111010011001111001110111
110101111011001001101110101110
0110011101000101010010100
0011000001001111010101100001100110101100110110
000001101101100110
011111110010011110111000011001110001101001010101
0100100000111001010010110011100000111010110
00000101101
11110001111001001000111010110
0111000000010101110111
1001110000000100100
10011101010000111101101111
11110
101101100010011110100110011100001111
101101100010011110100
0110000001010000010111111100101
111011101
00111100111
010001100010011100100111011101
111010010000000101010001110101010111101011000101
00010000110101110
000000010001010110
00001111001010001011001111001101010111010011100
0000011011011001100000110
101100001000111100111101110011000001010001100101
111110011100111001000111111100000001110
011000000011001100110001001001111110
011111001111011010001000101010110011011101
010010100100111000001110001110110111111
001111001110011100111000001011100001010011100110
101110100100100110000100011111101001111000110
0100000101111100011010111001001011010011011100
01010001011010111111101
0110000000100010101
110111001100000010110110011110101100101
100101111010001100111110
100110110010100101001111101000100000101111101111
10100110001000100101000100001001110100111
1000001101011101110000110111000111011100001011111
0001110011111
100000010001000001100000011001111001011110
01111100011101011110000111011111
001110111101000111000101101110000011110101
00110000010011110
110101000011000101011011010100000001111001111
101010000001011001101110011000000011110
01000000100
1001101011110011110100100010111
1100101010000011101101000101111101001101
1000110100010110111100101001011110
0001110110000101011100010101101010110110001011101
1001100111001000001010110
00011100111111
100111010101
11111100101111101101110111
100000100110001111111
01101000000110000000101101111100111110010110101
001000011110111011110000010100100110110100
0011000001001111010101100001100110
1111011000011111000001010011111111011110110
11100111001101000010100010011101
11010100010101001010001100
0001000011010111
00011101100001010111000101011010101101
01111110010110100100100001010111
010011101100011110101000100101111
111110101110
011011011110010000010101100
0010100110101011011011100111
0111110101101111101100100
1110001010100
0110100111001100100111
01010010100100011101000111
0100100100011111101
11010111
1110
101001101101010101001001000011011100
0111111011100000111010101101101101
1010100000010110011011100
111110
100101111010001100111110000001110
001111
01111100011101
10000000101100110001000010111
101110
011101000111100100100010101001010111
11110111111011111
100000000110111001010101111110110110110111
111111111
0100011101110000110000100100101
101101110
01101101001101
10100111110
0111110001110101111
111111111101101
11010111101100100
0001010010011110100000001010000110
000001011011100101100101111
0111101010110100111000101111
10110110010101000010010100100100111
010101110110001001100000101001001101
0000111
0111110011110110100010001010101100110111010000110
111100001110111001001010101
01111101010010011000110111
0111100100010100
100110011100100000101
01001010000110111110011000010100
0111110
0010011101001011101111101
110110001111
0011000011011101000111
1111101101
1110000000111101
0001110011111110001001000100011010111
10101001100001101111111
10011111010111011110010110
1101000101100100111010001000001001110011100111
00110101010010011000001101010011100
0011100000001100001100100010110101
0011111010010010101100111000010001111100100
11001010100000111011010001011111
1101010001010100101000110001010101001000101100101
000111
0111101010100
1101110011000000101101100111101011001011111
0011010101001001100000110101001110
01101001000011110011110101011100111001010110100
