101110022222110
102020120222101
2100021211122120020122020112122002211011100021
01110001122111010120
010222220022210212022202122002220000211020
112121110002210212211121102022110200020210202
121002121210100200
02121011000000220112000
22211122210
221011012121110120222012112012101102221200010
022212110002200100102212222210121220210202
211121210002120121101211101220120000212222002
1101101000111100110001110011
111100011110010010001110101100
201112021212001
0110110111100100000101011000111
122010101200121220000212102212211202012101202
22201221001021
11000110000011110001010110000010100110
2210120211112211222011121100000122021120111010
1202010002002002210010022100221020012222101112221
11221021202220201101201002100222212102100202
0001010111001000001101111101011
1101011100110010100110100001110
1111110010101122110
102221201212
10000001000100000110000001100111100101111
02021010022002021001
1002221012122
11202002210200112222112102200011011112222100010
102002221010001121
10112022220021
111010001101010010100101000110110
2220001002212111222221111021210010202200220
0002202110011101220
22001112011012020
00102111200020222202011120020121221202200012210
101001100112110000222001012202121022222201120220
1212220102111100020100211120012202212202201011
110101020100021121020
0121222002202
0101101220122111
0102100112021122
1021002200211022210121102210020020222222111
11120022102220
00111020211120012001
10000110111110111110001010010
10201101211020120122222122200211112112102
220022102012201000110201011222220201012101200022
1001221200210202221012202212211022102202
02012222120200
100020102010210222
11221211102220002210210012200022220111010122
0212210221201
21101120022202
0121001120112022
0101100110010001010101100010100000001011
220112220112
0000212102210112120102120221220122202020021100
00100100110100011111100010001111
02110111101110000001012010000
1022121110202001111011100222002211010020121021220
11110000111011100100101010101
210120211111112202021000200111221011212200122
1102110211102012
12011121122200
201211022201012110222201020220112221010000201100
021201201010002022
120220121201212120221020221122202221
1022121110200002212221122222122201010210
2010111201210001120
1202210210002101100
02010120000220222
2101010202110200111
1101202111120021
0202221012202
00101000101010101100110011010010001000000000001
2201102022210111112110210221022101012201022
2102211102111010
0202222222
121110112212010
2120012010122110
121220121010021212001020112222101221112020001
11111100101011221100
1101000101100100111010001000001001110
11212021211020
02110111101110000001012010
201221021210021202011100201221121012102001202001
020102222000110012
111001110011010000101000100111010
0121022221210221212120021221010020121022
1121221211110
201201100001121001201
201010222222
2122220012011
11100111011101101110110
110000110111111011001100100000001
21222002011011010
011110101011010011100010111
2102222212220212021012000010211011200122102
1011011111001101110100010000001
10222221201010
211002122112100
21221121121
210212112100111
0200000010211111011022
10000221010202222121201200222012201110200220200
2011120212120010
22011020222101
2210022020101121000002010221220111221112210112
01212011210122000
12000221220211
101210102002211011
20111020012211011
121112111110021
0111221102012010201201022200200102012022212202000
01100000001100110011000100100111111
120220110212020
0211002200111211001
02111001022200022
120110100122122000
2111121101010010102100000220221021002211221122111
01211110120112110
211220112102001
0120221022220
201001202011000012222202012011120022212120201020
0220211111122
1202110210010101011010
11011000111110001101010111
1101211202212
221011012121110
201112021212001000
122001202222
020120222221221012220210121202001202020002
1010100211111222
00000101101110010110010111110100
011100110110111101011011
22212100222102010011101202020022101221111220
11222011122210220110101212122122210211
120122111110021
1100001101101111110100111
002102211002021101
1102012221022
1012101020022110110
10111001221022121222011121122001020002220001021
0222121100022001001022122222101212202102020
1101010000110001010110110101000000011
22000110211021121100022211100122002202022210120
2110021101122221212020010020121121000001212200021
2112120012112
20200112002121221102002101120021210222212110
00011000111010111100110101000101
11001011201000202201012112112112211121120210202
1010222021121020021021112112212112110002121
2011211010220012
0012202210012102
0001110000111001001101010111011
110001100000111100010101100000101001100
2111111220022
1011001010012102012202202120121001102112112122110
112002200001120000220
111210011112021011002212020220200212121002200111
01100001001111000000000011101001100111
00121111110022112210110111120222002022021211001
200200120022212
02121011000000220112
0222121100022001
211100122222
1220011200002022001
00101010000100000100001001110111101001000001
011022012210202
1111021202221
2200100112020221111221102100000201221222110100012
01111100011101011110000111
012212001021202
0122212212001
0211011110111000000101201
02201201100012112
111111110000111100100111
11101001000000010101000111010101011
112220111222102201101012121221222102110
0210110112221020
0011100121020012202
11210010021110122
22100220201011210000020102212201112211122101120
012221022100021
220001000120211022
01100011011010111110100111
2121212000012002
1010101100111201012110
1101011110110010011011101
2201002022120020
1012201111202020
22212102022
01022222002221021202220212200222000021102
1111100111001110010001111
2020021020222012110102101121200010021222212200
10112022110022001
010000101110101110101100000110110000
222112112011
2210210200110112
112120212110201222121101022022122212010
202221000022111
101100101001210201220220212012100110211211212211
0211202222101
1011100222221102210100210201110212002112212001100
0010112002002101002012
110000100221012002120
1220101220201110
20021100100022110212210210012012120201222102120
21220120101002020
0021111122010202
1011121011210022
02002111120222
0110020120010210010001100110
10102012102021120
0220222010120211221222002110120000111122220
122120112202211021021101221202010210021200200
00201022210222
02211122011122220000112102022001001122101020121
02000012212100210020
21111021012022
12200120222200
001222210220021202022022202011020101002122101
1100101010000011101101000101111
0221122111210
22121110221211011012001021212111120121012110
1002211210012222012120200211202200021211211
220100010221212
21122211211
0101010112100020121101
111010202221202202221100100222011012022221
220222210221222021200110110010012102022022
11112201201022
1020200010121200121
012012012122222112221120021011211022000010011
10001100201122120011
1102120022221
000111110010110000110100000100100001011
12222110121111011012020220122220020102122
20202212102101
0012112212112
020101222102120
222100120100022010
22012220022010
001102101222101020
101110110111011001011110
112000021100022122120222111120111000202020210220
21111112001221
222102011102210112120000011110100112122001212121
1101012012212120002120201011220212022122102
1101011001010101111100111
221002202010112100000201022122011122111221011200
01100001101101011010000000100111011000
1211101122120100
20001002212012100200
210020102221021
1120101020211110101
00120012210221112000212111111021012110122110220
102011012110201201
2001011011220122
02221211000220010
11110120001110220200
2100112112102200
10212210022210
100000110111111000110101001011
00011110001111010001100000101111000
10100000101111001000011100101011000000001
02010120222112
111010001101010010100101000110110000
2212111022121101101200102121211112012101211
22220000101010100121
221012211220
1100101120100020220101
2200221020122
11111111110110101101
0011100000001100001100100010110101000000010000101
100010101110110101100000011011001
00102111200020222
1120000211000221221202221111201110002020202102200
111111110110110100111
0100101000011011111001100001010011
12220212010120
02010122210212000
2211120022120
12021122100102001
0120001211001011021011
2001102010002000002000122
10210022000101222
0102102100022110012
1011111111100011001111
101000011111100000011101100110010
111011110111111000010000110
00110210122210102
211000211121100010200021012122221110121201020122
21010102100012011120
2221221210010202112021122110201120012110002100
002200110012210220
201001111202210102210211111120111122020020012111
1102101220111212200012110021012020112020211000122
1122011010011200010002200122210211112121102102211
102102112011111211120211211212110002220121001
1202202000010222
20120010022222
012120112101220
020122221202
00011112102011020012
1200101200100012020021
122211002011111
2202101112000100112220122010102212100022221120
10212212110111
11212021211020122212110102202212221201000
2221210022210201001110120202002210122111122
011000011011010110100000001001110110
12100212121010020
12212011220221102102110122120201021002120020
1010200200102221002
102210102221102111022012201100111110010211211210
220112121102020220121202112112000120100211120
2011220100110202221111012222200100211010122201
2201002210221121011202211112022102001111010111
0020222121211
0022022201201010111121022120110212211111221
021011011222102022221122111011022122121
000122022101012011
101222121112010120200111221110202202022002020
111110001110020012120
220000002012000000001022110
22211202211
121220210101120
0222210102202
222122121001
22210110121120
221100021202012101122222111022222112110
2112120002022001
2222112202
210002120011000021021
02011101221010211
1021221002221
001021112000202222020111200201212212022000122100
2002100101021222
000222121111222200202122121200110212002201
010111100000100010101111011011
221022121111002200001122220011120012022202101
22201221001021202111122012220112221202
20122002210022
2220120202202101102001201220012022201211120010
0111000112211101012
10122021102100012
200212011210222221212200222200011202000000010102
22011212110202022012120211211200012010021112
02101012221011020
002221122011101
0002201122202200
1002211221211
10011010111100111101001000101
2201202111121121211120010022220120000000122121
020210100220020210011012110022022222122022111
100111000000010010010100001011111011
020110022021200021
02102002201010020111
11010102010002112102021122222200022102212211
20210200002220120
000201212122012
002001112101011221
120222102002122101220212221002021112022
0200001221210021002
012200122020002011100212211210101222112121102
2010022201102021
1001212002022102
111202202000111100010
0102102100022110012022021211120102222202122
00110011100100111110011010000011
1021002200211022
12012212121122010112110010012221112012110102
20121100202110100200
1002110000011100101200202
11121001111202101
00100000001111000001111100110000001111
002100110201112001102
111101001111001010101001011
210011211210220
0110201020220200102
220100000100110121022
110121120221212101111022202022121121211
120002212202112101221001221201111021002000220110
2212111111112012212102221120120120202101
0011021012221010200
0112002210101111110
111211111102102
01000010111010111010110000011011
021211122022
11100000010111100101001111001100
1020211201002201010122002012002000122120012112122
1002211221211100102000102102021122200000112102122
1220101220201110000
10022112100122220121202002112022000212112110
02200012200211012
1101100111010010111000001001101
1012221110200201100101112212101201012002211122001
00220011001221022
11100000001111010111001111001
120101200022221
010001100111111110001100100011
10012101001120222
0002120222221
1001220212220010
1221112222
21212111120011
21112000222122122122122112211100102002010
1011011000100111101001100111
000111100011110100011000001011110000
01012102221022
20122102121002
11001010020110101222
0110111000111011100001110000010100
1110101210001220000111
011001010100011110011111101000000
111101200011102202
202002102022201
1012112202002011
102101201001101000112010
222101101211201020012201000122022210201222011
20000210012102222122221222111202210110201
00022011222022
1021222001212
01111211211202
122221002100210
0110000011100010010001011000110000001101010
0202221012202111102011012221002210201020002101200
0010220010211112020
202220211121102110122111000212010102210112102
120202200000022210211012022221201202220012002
2112210222100
02201112110000122
0222112011112
120221021000210110
122221101211110110120202201222200201021220
101000020000222100012000110
10100011111011100101010100100000000100
020222101220211110201101222100221020102000210120
22010201100120211
11221110200122
002200111201222
22120012000000112200
220122120111021101122121020010002200121200022020
000101100111001000101111011000110
110111100010011010100101100101
121022201200201
0210110020102000200020002
12220110100012012211221222111222021012011
121102000122101011
10100002000022210001200011
110010100201101012220
102001120100200222
112122121111
012220100000122002122012202000210202122121100202
1002221012122020200002001221012022122211001210
12222100210021
02122102212011222110122021021222100202001
1222110020111112002010201102101122112201001202200
1112111112102021211100220002210221110121120101
011100000001010010110110100101111
1010001111101110010101010010000000010
2120021121022221122220220212011010200112
0002201111012002011212012211012012200220200120121
01202210222200
101001110000111100111110011
10122021102100012211120212210122212000221000002
2211211112122012020212202220202121021
122120112202
1102110211102012000
110201200010212021
0111221102012010201201022200200102012022212202
111200001111012100010011
21122102221
11201201020102021
0102101002111012210
11001201101001221101
02122021002200002
11101110010110110101110100
210010220220202
02222121002101
0221020111101121
021011011222102
012002010211001001112
11001000101100001000011001001100110011
111000111011110110100111
2111122102210
211010122101121
22100011011101212
2022202111211021101221110002120101022101121020
02202111111220
12000221220211210122100122120111102100200022011
10101011100101001010101001001110
1201212120202
01110001010112100011022
0102120221000020111
0121111012011211
2012202110002120
211121210002120
0221110222012
0001100011001001011111101001101
22102212111100
2020011200212122110200210112002121022221211
212121012002002
21202022221
0122221222
220100202212002020112102102200211000211222121
11010001011001001110100010000010011100
22221012121
01111101011011111011001000
200002112011120120
1110011101110110111011
1022121110202001
02112102021211
112212111022
111101111110111111
10011011012222011
1100110200011220110200
0212111112020101
1011101001001001100001000111111
102022010102200200010
212011112200012
101001111100100001011000000110111
210002201011222
2122012010100202
20022010222010200
2121211112001121111121121120200000111201120220
02202220101202
0101022212121220021220121021011222120020020
102201221210120210011101221002211222201000020110
00010110011100100010111101100011000
1202112210010200120122210022102012220111020120
010212110002100010212221021122212211101021121
0202022001112111
101010110011120101211
22212100222
21101100222211
011122110201201020120102220020010201202221220200
120112212112
1020120221211000001122111012020212202202201010011
000100101101101101101111101
1212101102101120
2210221211110
00001001011001100001100101100011011100
11200211202211
000111001111111000100100010001101
1211201021220001
02000000102111110110220
00101120020021010020120
1211101122120100102011120210010200101122011212121
2010221012020201
11100000111002010110200012
210212112100111122100111102122011111200112102100
121210000012211020
121012022111002
021110010222000220
1110202022122221110111211120110201212122
20200012110212020
2120012010122110120222020212012110221200202
00122221022002
000021111121111111
011011010011010001111101101
1112000112212121100110201021210112210210201002012
10100110011211000022200
102021120100220101
1222220100220
0002012121220120
01212202012121122101101021211120002000221120002
1220101012001212
12020220000002221
12020201121222100021212102021220201012220001
1201112112220
011111010110111110110010
00010010110001220110001100012
200220102220102002121210122000000111220200121221
110100010110010011101000100000100111
1110110001000101110000100111000000000010100000
020202010212112
2111112222012001001202220012120201221002100002001
21120220201201
1010101110010100101010100100111000
01111101011011111011001
0211002002110021000222102001022212121120122000211
1022212012121020202011001100001221102110111011221
2222101221211211001110212022121201012111
1201210111112012120011121101220000020221021112101
22210122112112110002120122011102122201102
2211112122200122020111020122011201011012211
022112211121
11111000111002001212
1101200120200220122020110112211022221011110120100
20010122211220
120211021001010101101
2111102101202200
1221201122022110210211012212020102100212002
211000211121100010200
0121201121012200
120122121211220101121100100122211120121101020
2111211010100022220121221211002120100212120101
1221112222000
1101011121001002202
2210110121211101202220121120121011022212000100
20101021200112111
2122000022211000220001102022211200010221022122
021210110000002201120
021020021120122
110111001100000010110110011110
12110100100221010011122201222010102212222202
12012121202022201201010121002122000211202202
2221112221
22110111212010021120202202120010212210022000210
1011110011001100111101110
22102120200020011
221200120000001122
120012001101110021011
1101010201000211210202112222220002210221221100
0010111100110101000011011110001
0000100101100110000110010110001101110
1020201202221011012122120211221222122
1010011001121100002220
200222001112102
120202200000022210
010100010110101111111010110
001200122102211120002121111110210121101221102200
1110101010010010100100110011000000000010010
0012202210012102102111210201022211202220211
1020120221211000001
1212100000122110200
10112022220021022221112020110102202020222
11010000212200200022
111111001110001101000100000111
01100002110022021012
22110002120201210112222211102222211211
2211120022120101222110112200111210221212
1001220212220010112010002112101211122202021102
210012221201020
221100100111011102122011001121211102021111202202
211110210120220
0100111011000111101010001001011
0122010220102002222100021022012222022222
101120222200210222211120201101022020202220
2101010210001201112
001212000112220101
221022121111
0022221010001122
2211011121201002112020220212001021221002200021
222221001110012100120101211110020211122221102
2111202200222121100121012020222201020020202
2201201201011210
11000010022101200212
110022102112021
200220102220102
1111001011100100111010001110
101001100112110000222
220101022222
1122011010011200010002
21200211210222211222202202120110102001120
2110101221011211011222220021212221222
1000000001101110010101011111101
0110001011101110011101100001001
1000112200000100200112200
221100021202012
1021022100200220212202212012200210112220021
2010011112022101022102111111201111220200200121110
1000110100010110111100101001011
10101202010112022
2002110010002211021
10202122020112
2002000200222112
2110002111211000102
112020220111102
1120100202200212
02100201212121222222012012212122212
11010112211212
221012021111221122201112110000012202112011101
0222112220011
2220102120121
01010101121000201211010
01100111101001111111010001
200212022110210
11010110101110100110011011
00202221212110
11000111100011100000001111111
0111112112110201
02010122210212
02220221122021202200102001102122110122121
02010101100221000100112
222122121001020211202112211020112001211000210
2201000102212121021022120121112212211121
202211110102102
11110011110100011011111
0200200112122201
20011020100020000020001220
222000100221211122222111102121001020220022
10121212010212
01001211212110012
20020002002221122201201111200010111202021112022
10200112010020022201021202201022002120112022202
2121200110201020120210102120111202201101101200122
12211122220000012012010210221100201112110020122
112210111120201
01102210221121
0020222210221
22121111111120122121022211201201202021010
002212000002200221
211120002221221221221221122111001020020100
0201010202200020010000021
110210122011121
2002201022201020
012102201000100020112
22211022022
2120021121022
101221201201202212001202210221002112122011
2200011021102112110002221110012200220202221012
1100111012100002221
101000111110111001010101001000000001
020212211212221011010010222211001021022110102
12122021010112
21100212211210
00010101010110001011101011110001
20000211201112012
1121202121102012221211010220221222120100
0202120120022002
0212012010100020220
11001102000112201102
222000200012002201
0011000101011111111101101
2200011021102112
20021202211021
222012020220210110200120122001202220121112001
120211221001020012012221002210201222011102012
121210110210112
2010012020110000122222020120111200222121202010200
012200122020002011
1022000220111202
02202220101202112212220021101200001111222200
10202212101011002
1112002210222
001100001102111220111
11021012001011022212222100022012021102111122
0101212222102
1012221211120
01112211020120102012010222002001020120222122020
220210111200010011222012201010221210002222112
1110100001010001001000100011001100111
102011012110201201222221222002111121121020
022202211220
2022010210222
2012110200002122
1022222120101
101000111110111001010101001000000001000
0120120121222221122211200210112110220000100110
0000011011011001100000110000011000100010010001
1210021212101002
20200210202220121101021011212000100212222122
0210101222101102
0121011112122001
222011000001110221
112000022120010101110
002220211222
020212211212
11010111001100101001101000011100000
0100010001011010101111110001101
110101020100021121020211222222000221022122110
2100102202202021000021122001212021112100220212
01200102202011022
122211002011111200201020110210112211220100120220
0202101212101012
2222120120121100110101001220111202101012020202002
1101202111120021212220000100211222120120002000121
01110102220112110
1102112201211001
012111101201121101122111101020220112112012011002
0202112102122
202001000212221012021120111022210212100112020011
010210100211101221
00002121022101121
00101111001101010000110111100010
202220211121
22101101212111
2002121220220
120111210202000112111211120101221212002211102
0101212222102210010200222011122112001022120010
2210210200110112201100220121220202110111111112
02222012120011
200101101122012210212211010002111120002221101202
102021220201121202001202011010021102221222002
01000000100101010101001101110111100
0012111221010011020
202010010212012110
1212220102111
1111100011111001101111
1201122202220001111221201101111211110210212
0210012122212
000220211001110122
01012202012202221220000102100122201000012212121
21100021112110001020
1112111111021020
2002012222021
102020221010210010122212221121012022122002
2201122201120112221002121120002012011010110110020
020120111011012020010
200010022120121002000
2012110222010121102222010202201122210100002011
202220101102111
111021101011122101200122202112212222112001
01111100111101101000100010101
2000012221011022
2111200022212
011000100110000111110010101111
0201012221021200
1111012000111022020
20020121120020000210
222000100221211
0220211211001111
100011220000010020011220
001000000011110000011111001100000011110
122221101211
11200002212001010111
01010001011010111111101011
200211111020210200
101112021000012121
0111011201202121
011111100000100101111100111
10221211110022
01101110001110111000011100000101
20021022202102
020220112201012
2201211211020001
000220112220220
021010122210110200
210000020122222
1100110000011001010100011001010111
0022001112012220
212002100120011021
100111001011000010000110101101011
11200220000112000022
122010122020111
010000010111110001101011100100101
1021202012112001
2110021221121002012120000012021211212220221
2200100112020221
0122120010212020
02211221112101022111121021222220122002
221200122202
0212001012211002201010002222221222110122100101
0102112000112122
000001011011100101100101111101
001010212200121100101
2021020022221
2102111120221
1112011200010221200211121022201010121001020220220
11001120101011111222010122120200211012122020112
2010021110101121002
201200100222220
2011201221102122220221220121202021110020
0121220201212
201120122110212222022122012120202111002
010121222210221001020022201112211200102212001
102122100222100
0001210000200211000110210100
20111202121200100
10110010100121020122
02000000102111110110220000
10022210121220
101222121112
12121000001221102
020000122121002100200
201202202020121011221000121201100122202021101002
1022000220111202222210202110101200121011121012
1202010002002002210010
101000001100010010100111000011000110010001
120110111011101101000022122002112202122102102022
111201120001022120021112102220101012100102022022
111011011100000001101000100100000000100001010
02020200110112120010
10222212211
1021221002221000
211112210221
2110002111211000102000
10221010222110211102201220110011111001021121121
01100001101101011010000000100111011
22122101221
210112221100011010222000012212121212221101101
122222010022
1120200010012110010102
1212200010220102
2100111012010222
22020111201201210002210221010100212022022012002
02101100201020002000200020
12011011200211122012111212122001112200200010121
1012201210000001221
10121110212101102200021100112201222220011101211
2100012120202020010
1110000001011110010100111100110
121101001002210100111222012220101022122222020
21112110101000222201212212110021201002121201010
122120120122
021022210220110
12011011101110110100002
0102112000112122110202211112220102110202011021
200001222101102220111222121111012101011220120
022022201012021122122200211012000011112222
1110100011010100101001010001101100
10012012200020212
0211100102220002200
202001120021212
212211202111
11001110121000022210
12022102100021011
0001111000111101000110000010111100
01212011210122
011111011011000101011100010010
1110211010111221
12111011221201
10110000111000010110011110011001
022021212202
002002112021210212212122011212212201202
0010000001001010010000010001001011111100000011
10010000111001100010110000100010000101000101
11021221001122
022121101110120100
10221211102000022122211222221222010102100
212001201012211
1212000012100210220210010212101202210210021021202
0001010010011110100000001010000110000110101
1221201201220
1012221110200201
0001011110100100101001111000110100
220000102200112100101
021020001211111111
011022221100022
21021211210011112210011110212201111120011210210
2100120000100222111
000020012100102112102200021221012021102022021222
21212022001102
202002212002111
220201112012012100022102210101002120220220120020
0121111012011211011221111010202201121120120110020
20100120201100001222220201201112002221212020102
011010011100110010011100100100011
02022210122021111020110122210022102010200021012
00221200211121001201122222100110111221110101201
2012110222010121102222010202201122210100002011000
001211122101001102
022212110002200100
210001212020202001
101001010010010110000001110101110100
22211220201210210002212002000220211121111120
0121222002202211211102211122212211000012
10202000101212001210
022021111112200
10212212110111211221201202011012212012120
102212111020000221222112222212220101021
11011100110000001011011001111
20121211011121000
100222200112012
01021001120211220
212010000212100211
21000212111221
0010110011011111011110110
222112202012102100022120020002202111211111200
022000222002110011
201011120121000112
200222001112102112212010201201020002221221002
22212212100102021120211221102011200121100021
01111001100010000011110011010110
11101000110101001010010100011011000
01202210222200110010212202210002010101112011222
0021022110020211010
2211111111220
00111120010110202120
10001122000001002001122
12020100020020022100100
00022021100111012200
100000001111001011010000000010100110100101
0200000010211111011022000
10100110011211000022200101220212102222220112022
01212111011110201
12201012202011100
20000122210110222011122212111101210101122012
120111211222
11202010211221
10001012220020012101
2102222212
22121110201120
1220102021102011
101220121000000122120221111222120001012020112021
2200221020122010001102010112222202010121012000220
000010010110011000011001011000110111
21001121121022
121101001002210100111
120021101010220021
1000110020112212001110122220022100100022102112122
1010010100100101100000011101011101
12010221020000011201
1001221200210202
00122222200201
20121211011121
210221110211101
100001020001012011102102
2112210222100110022022121200202200111100111021
10220002201112022222102021101012001210111210120
00210002101222111
2120021121022221122220220212011010200112000
2010002000122201201
101212120102120
1110202022122
0210221112202
2221020111022
222200001010101001212211001002222222001202111021
2020221210210112102222110011211122102202
21101100120210111221222101120110022120120002021
0001100010101011010100001100001100000010110
111012120021002101
120201000200200221001
20021201121022
1020011201002002220
201211020000212211221001122002100111201221001112
10122212111201012020011122111020220202200202
220112220112011222100212112000201201101011011002
12221100201111120020102011021011221122010012022
0012100011001220212
012222211122012112102001222120110201011021
000111100011110100011000001011110
001010001001001011110010110101101
2111200022212212212212211221110010200201
2202100212121
2201122201120
1021221211011121122120120201101221201212
101110022222110221010021020111021200211221200110
0210200012111111110
02010112110101122
012222122221222220010210201200221010202
20120010022222011221200200212121122101122
0120101100002001200210011
10022210121220202000020012210120221222110012100
110211021110201200
20120220202012
0220212122020
012102222121
210112221100011010
1102122100112202121002220210000212000102001122111
020122221202000
212220020110110100
0121022221210
000111011000010101110001010110101
121220121010021
0202112102122202202102121120101002220011010012
120002110212102010
0012001221022111
11212121122
00212102202112
00110000010011110101011000011001101
002002112021210212212122011212212201202000
2211001001110111021220110011212111020211112022020
0212011122102020200010201200111111202012201110221
010000001001010101010011011101111
22210122112
10010000120200111122010
22102212111100220000112222001112001202220210100
012022102222
21100211011222
1100111101100001000010000100011110000100
2012121101112100
120021101010220021212100220201221121022111102
211222200020001211201201022120122220101210011
22221012212112110011102120221212010121110
00020102000200202012101
1111102100110011010210
11102110101112210
0221220220000102
000021210221011212010212022122012220202002110
10210221002002202122022120122002101122200210
0022000110120100020000112
11021102111020120
11111010111001010100000011110
22002210201220
00000200222002010201020
1210021212101002000
12211022102110
0011112001011020212020200220100221222120202021002
011022102211212201102010101000222202202111100111
10111002222211022101002102011102120021122120011
11101000110101001010010100011011
21011222110001101
11200002110002212212022211112011100020202021022
12101002010201011221012112200122202121102210101
101111001100110011110111
01100120010022012201
1101110001101111010001111
1012121201021200
0222011002012111
10001101101000100001100001101110000011
2001012002212221011220000020122102222100020122
22111200221201012221101122001112102212120
020020011212220110110122002221122000102122022
101211111002212
1221102210211
21212221012
220100202212002
210221110211101021020002220200000212201212111012
22000000201200000000102211
2000021120111201200
101100101001210201220
0121210112222100210001202012001020120012011111212
12211122220
1010002202221201
111011000100010111000010011100000000001010
010102221212122002122012102101122212002002
012100112011202212202002100110002022220221122
21101100222211111110222121220022110212011
2120101111001200102
02212120010002201
1012001111121022
200212122022012000222002002012221201210221
2121122011201
0012001221022111200021211111102101211012211022
221002202010112
1000022101020222212120120022201220111020022020
020120222221
0110000110110101101000000010011101100
0100212120200000011012
12220110100012012
2221011012112
220210020012220
00110000110111010001111000000010111
200212122022
10100021220112020022211010212102101022221212
11011001001100001010011110010011
211111222201
0012001221022111200021211111102101211012211022000
10212210022210002221010011110021122010022112021
1110101011101001100010110011
11101122010100010112
210210111022111
0000200121001021121022000212210120211020220212220
000121000020021100011021010
10210111010000110101022
00010110011100100010111101100011
000000112221002120020
01100101010001111001111110100
2102121121001111221001111021220111112001121021
22012212011102110112212102001000220012120002202
10100001111110000001110110011001
0110002201202021002
020102202020122
22211022022210121012120122121122010112
0000110201002221212101110212002211012120202210021
2111200022212212212212211221110010200201000
20202212102101121022221100112111221022020
100002210102022221212012002220122011102002202
2001020202021100021
110111000100100001101001101111
01021021000221100120
00011110001111010001100000101111
22000100012021102212211111202221021222211
0010112002002101002012012121211112120222020211002
20112012211021
02012011101101202001
11120220200011110001
0202020011011212001
0120120121222
21120120021121
12102220120020110211001012222221111011021112
0221112201112
2110021221121
1201101120021112
12201012202011100000
11012001202002201220201101122110222210111101201
22210012010002201
102212111020200111101110022200221101002012102122
100222101212202020000200122101202212221100121000
1122101111202010
00210210112112110
20121102220101211022220102022011222101000020110
02011101011021210101
11001010000111000111011111100
11120220200011110001012211121012122102110222200
2121122011201021110100121120201002120002101022102
00200211202121021221212201121221220120200
0201010110022100010011211111122202202120220002221
100010101000000010100101010011010010111
120122121211
2100122212010200
00000011222100212002
22010102021221
200010022120121002
00012100002002110001102101
0020021120212102122121220112122122012020
0022221010001122200202010200020102212000122202211
1121202121102
21211220112010
0211011110111000000101201000
10102002001022210020
000000112001222020201
0012120001122201010
202002102022201211010210112120001002122221220
0100000010010101010100110111011110
222112022110
20122210120102
022121010010102021
110120101120012012
0221112201112222000011210202200100112210102012100
11111100000111001110001111
02211112200101002
010001100100001001101101000100001000100001011
202010010202220011
02012100122122
1020211201002201010
10111011011101100101111
020210001200202022
1201012000222211212000220200120202200200202012101
2201202111121
021101111011100000010120100
021011002010200020002000200
0021001102011120011020
122000200012022100001
02101012221011020012122000020122101012111022122
21022222122202120210120000102110112001221020
0020220021012211
2211001001110111021
01111010101001101000010000010000010001100100
2002110010002211021221021001201212020122210212
2221122020121021000221200200022021112111112
2222002200202
2221221210010
110212210011220
01222221112
21001222120102
022111220111222200001121020220010011221010201210
101000011110110111001001110000001
01100210020222221212112110112022100111212101
2202021212011
000020012100102112102
0001011001110010001011110110001100
111011121110010120001
222000200012002201101100220021002111121012222211
0212111112020101222101101201201222200201111011
122111222200000
222210122121121100111021202212120101211100
101110001101010010100011010001011
21121200121121110101201111020221200210202111002
0022022110011011011
1202201212012
11010102010002112102
1111101011100101010000001111
2020002002212012
122010122020111000
220120120101121
21000212111221200201220201121220022110111000210
1010201210202112
111202202000111100010122111210121221021102222
10111010010010011000010001111110
0020021120212102
100222101212202020000200122101202212221100121
111001111111101001111
1001000012020011112201
220202002122210120121010210201122010110122102
21001222120102000
00221200211121001
001110202111200120010
122202120101202011212021101210120212201010102
021211122022221211101102002202021102111012
21110020111001021122120211210212221120021012
221112002212
121022001200012011
2201012102122
1222220100220210011011012010212222121110022
010102102120100110111
10111002222211
2201010222220
100100120120100000011221
011200221010111111
0110101110011000011101101101
1010101110010100101010100100111
10220122121012021001110122100221122220100002011
101010111001010010101010010011100
111110210011001101021
22111121222001220201110201220112010110122110
1011110000112110221
2000100221201210020
002002000201022221
0021210220211210111100002212122100002011220222
01221112010001211
1110201011211121
211221022210
012112020121210
2102200010100211001101
02120120101000202200
0221122020022
1110102022212022022211001002220110120222210
2111121101010010102
112210212022
20010120022122210112200000201221022221000201220
02102000121111111100
12000100221002020021
0010211120002022220201112002012122120220001221
2212001222020
21222101212
212121111200112111112112112020000011120112022
10101011200000011010121011
111111001010112211
20200100021222101
0211210202121110200222222010221121112012
100122021222001
11212021211020122212110102202212221201
0202201122010120
122111222200
12112010212200010
00220222012010101
1000011110101111001000011001011
020101222102120002011200112012110120011201211212
01001001100111101100111111
100220002202122
01100010010010001111100000001000010011010000100
2210120211112
110011020001122011020
1201202202022
122010122020111000000
0122201000001220021
20121211011121000102011122112121212202221
2212001200000011220
1101011101011001011000011101
020210021010012211
0202020102121120
1111001110000110011000000110010110
110120012020022012202011011221102222101111012010
0111000000010101110111110001000001100
1100010021021111121
0011112001011020212
2210221211110022000011222200111200120222021010
00002121022101121201021202212201222020200211
1200112102000101211
0020122101120000021001
101120222200210
200110201000200000200012200
22101101212111012022201211201210110222120001
1112022020001111000101221112101212210211022220
12211122220000
212002112102222112222022021201101020011200
11101001010100011001010101100101
0000020022200201020102
101220111120202
0222012011021101
1120200221020011222211210220001101111222210001
0202121122201
11110001111001001000111010110
10011101010000111101101111
22010022102211
10111000211202112
1202221020021221012202122210020211120220
000011100212110212022221112120121212011222
212020210021111
020111012210102111200101212021222221212201
011000000011001100110001001001111110
1022200120000222
2022210000221111202120102101121221021101212
2001012221122
01200012110010110210112111222222121220110010022
0111010222011211
02220221122
100000010001000001100000011001111001011110
011002012001021001000110011
0021021011211211
10010020211111111002
0122222111220121121020012221201102010110210
01111111001001111011100001
01011110001010100001110001110011
122110221021101112110211221022222001221
0201222212020
212211202111122010110120200011020101212021212
11100111001101000010100010011101
10110110001001111010011001110000
000111121020110200120
11110100221000010122
0000001101110001110010010110101011
022110111022021
201212110111210
1222021201012
0010100110101011011011100111
2122200201101101
0111110101101111101100100
21212001102010201
2020100102022200110
1001110010202022021
0211202222101201220012101001001220211112020022
122120100010010221
1220012022220
122212122210121102211222002000101111201111
22021002100222
1020202210102100101
011011021200120202
1011111002002222
01211202012121
10210120100110100011201
0210200211201220
12001012001000120200210
2110002111211000102000210121222211101212010201220
2201210202112
21112121000212
10110110010101000010010100100100111
010101110110001001100000101001001101
0212101100000022011200
112212111022200022102100122000222201110101220
1202020112122
10202201010220020001
201222101201020
2001012222210222021202202020011102010022202
020000001021111101102200
0210012222110100200000111010202102111221121212012
