11
110100101100101111001000001000110
303101403330553253113115550035225344450215242
12500423223544423013111331543200401035510
411213531241423154253124123550105402455
210002120011000021021110002221010101
51154530034135201054500235
0110100101000011110111110001
0011000
2442423243133130044005
5042103243003043305340325133455
4553003313250145322100535200
102151022213202344523451423431122102115402
0100010011110111011010001101
505040554
30450120
100111101011100100001111100000
5210054233323310150003224
00010000110101110101001111001010
441233513200
42135
01111010101011001111011
1000000001101110010101011111101101101101111111
0122441322422313041
50455000530125521230213
10011110101110010000111110
2242131
43130040
351255213433531025015450534
1010011101000001111001000001110001
313533252410401001354011101502100233442
10210022002110222101211022
511244535042545121024315423151332524555
00101110001000000100001010110001111100
4332040344554
00010101010110001011101011110
3003244253524301532520350134151032515243
4343033043102215551101003
33433405444311342401032250542411500222325
2113134
4515
2244134101222540130
40100212122402413543
055453002112040154043120024105134525253330140455
01111010101101001110001011
12220010222010
000020220020101022222221020102102021102101
001001
13301153143240251541303232235352245
351044342044554222121451250122
45530033132501453221005352
00101111100000011100001000110110001
10110101010111011000100101001
2442443052410031131214300
205145533510142
40301103515241553542332455024431203333042014121
00111011110001011100010110010
5045500053012552123021330345410452440
0111011201202121101201002111020
4221205110101305
554450312114243120340
1220012022220010120100010211002
110111000110111101000111
12413205423153325500205443503255115015013
40120212443221
322223405523321002
143431325131055401432401343411412212242542040305
100001101110001111110100101
32122245143031344424214132544
5002513525220213303331100203010153
20000211201112012001222020120
25432453
035322131555114442413010432213334323
51121302
333000224451445421242543
450330
52433333335001441351420404300220124400032
301431554020241143053012
52100542333
1344340252
111101011001201000221102221012202022000011121
25432453014231333502220433045323441122411
031052255315104444354133432014340313041230250114
54231
020212012002200212002020202001
3240415041130545422254213342451205
110101111011001001101110101110010101011011101
32323303324
301431554020241143053012020430212534
1042323343215554241
511443132320113313
20022120001222122022011002201211010100012
3240415041130545422254213
4335
1001110010110000100001101011010111111011100110111
5210054233323310150003224005151154004
3521351404445
041414143312
021042532434210213103015105104502
455321033024220555245022131420244123
51103045011511
020022022002111
10100110110101010100100100001101
011110111101010101101100101101001001111001111
4305243021512333004201330320130432031334451532
00222220201200002100102122100100
255300
101334324133
00110001010111111111011010110000101101101111100
3014315540202411430530120
011530505543414535
001010001010101011001100110100100010
5130555345451523441211050420
31353
2524312125450045243
313222502144421102145055440
25530
5444522204043431351120133521020533313144205135
2041321334434303552220240333550335533334015
2335004031235221515534212504302021011115023443445
135420351313431023424454
001000110000011011001001011110101
000011
00010010100110011010000011101001110
0001110011111110001001000100011
12341443010302
235032
301431554020
303302152030113523211511440204220300203551143
21302223
04130105230153152525045221024335505220
4252521142015453341
0151420513524533042103
11100111011101101110110100101111111001110
213141351410202534211255000125022111502
00000000010010101101111111111
441233513200511541210544454033
420405
3222234055233210022025411002003454203224235045
0100011111011010011101001100
55302020310112452414534301413141220125213241411
10000111001111011100000111000100
304501204115042312444421433355
1220201220010001020012000102012110211201121201
1345403511454121225523554052304104241404145524
0412510152243310112030
3214235540342320355301255450251433104320422521214
015252054021131423140534305244022255353524122
421354324
112200222022221100202222021101220
10100111110010000101100000011011
002135234130141104325355354142314531213240
30554355001442105512531031130152
053421
1101000100010101000010111000100111
20143534213235445402451533103344133154332455
320222001510025325444254414055320515
00110101011000001011010000111100000010
31111432003344415503240133044335
03532213155511444241301043
401002121224024135431453
2034033
1011101101110110010111
22012021111211212111200100
52422
33535115503123414101300515150430450330
4114114352302000430104244352433403112250042414
0020101201002020121
101111001110001010011111
1011200212200101010
224413410122254013020202121453335105
000000011
433204034455443212533133245131105
41344243055141322101030454544030405150531
42211203
134102001432124
13443402521505535535113343
430524302151233300420133
11002011112222212110101220202210201002
44511
0011111000001102020222100221010200210110110022202
010001
51314434540151
001111101001001010110011100001000
010021212020000001101211111010222
0033324
00000001111001111011010100010110
52335415424433320133502
32122245143031344424214132544344051050443440533
123514025541512
32451
1220202200210100
3111333
00111100111001110011100000101
5112445350425451210
111110011100111001000111
00202222102211220022102
0111110001110101111000011
0011101111000101110001011001
53053005515513
01012201102002012
0110001101101011111010011
14211411
03113033244422024102
55332355425134152233522324243222115
4221501
011010111001100001110110110100111001010001111111
534302320302550204131101214201004201
040231511302112123233430205
244012334101505444550354032305542
4412335132
424313434
01000110000011011100011101000110001
45532103302
40301103515241553542
0101001010010001110100011111100
000101
113003430
1010100110000110111111101011110111010011011010
5524333113543515001
4503514443432134154431341424412334004431430555332
51314434540151320330045425150135550430434254051
25243121254500452430
033101543352231041
4153325103115125301224
001000011110111011110000010100100
2053333532325122200544512534055535204551
13542
2242200505213
1330115314324025154130323223535224503451
43430330431022155511010030
434113205241215131553422154213
1000000100010000011000000110011110010111
210210021221120200100200121020
1110100100000001010100011101010101
1110100011100000011110111111001100110111110101000
230420251512023250332452434140035535353
50504055452150
403424330131
02120110122012
440240100554552051111242003545335520
424335034314152402343405213143245455225330444415
0003354
03114150204044442555
50350015135132210040
0001001011011011011011111
031015345310512125305121
11100010101000111010111110111010001101111110100
002200101111100011102011102012202010121110112102
32022200151002532544425441405532051521334
233343125531215415325435322101521141043145035324
0235300123523304233401223452
2203004221200403012
13542035131343102
4511013113041210153323320301510543253242323422
11010111101110101110100
41112204
320222001510025325444254414055320515213345050111
000020000
001010010101010100010101111110
001010011010101101101110011
4332040344554432125331332451311054214302442
10110000100011110011110111
000021210221011212010212022
000222122101120012220122002100200221210
140505
333000224451445421242543043555514523554222111
20121110022012
201435
01004322341134
110511212134305021132310410043435
0104402013
01514205135245330421030
0101212222102210010200222
504550005301255212302133034541045244
34011144255513421215233515331
20143534213235445402451533103344
0001110100010000100000111000010100011000000100001
0011111010010010101100111000010
10120012010202102121111111011001211210222
01111010101001101000010000010000010001100
0100011000100111001001110111010
35545310510303102204441533
0035150302145432053100454343543042413235
51144
121222010211110002010021112001
353045020355535015355
24144034421431202
42433503431415240234340521314
04112314005015041311021343140203504301520
5115232342
455440224351123414
10010
401002121224024135431453205231
01110011011011110101101
13542035131
30310140333055325311311555003522534445021
45532103302422055524502213142024412301104030031
1000011110101111001000011001011100111111010110101
001001110100101110111110100
02234031
150102524454413
0100011101010111001010100111110011111011110000101
31322250214442110214505
2201012102122121001200100101002
101544
011530505543414
2200211201002002
342244301122
44023034550441130430135034252331544222401
055453002112
5115453003413520105450023513513
0010100011110101220222201110200122122210210
11551403455203404123143420
015252054021131423
000010101110011001101010000011110
3343340544431
000110110101001101000100101111
4243134343213032401504242134245523
233414241334133
4552231450440243204102515504003
202200022212
402435455042122110250401451
52521
052145304543413553511134044
213141351410202534211255000125022111502115415450
01000111110110100111010011
101001101110100001111110010
100001220012211220201120020012
33513
011100111100001100000101111001
011111100101101001001000010101
1155402452055033350134132
1001011001011001010111000000111
1001111101011101111001
103345354
0003354420245525453203353005102
2233032
1100110000101111111110001
3222234055
54303254520352043321511222245
1001011001011001010111000000111000
5122253232403132221234505154514523345
111110001111100110111
10021100000111001012002022210200002201
0143243024003031351401221320052533231050102044444
41121353124142315425
40204410
010001100000110111000111010001100010
3111100542313435121
10100001110101011010101110100
20413213344343035522
00213523413014110432535535414231453121324
11001000101101100110111001001
1002021221102010
522421213433002142404012143124
10000011010111011100001101110
1410200111520201123002242314155030120023
53551032231044343204244053412032535525055
11100011101111011010011
112222211100
231301242352
1011100110111100111110
0100111001010101111110000101
1303343254
124132054231
4402401005545520511112420035453355201412210054132
1101001011001011110010000010001100
05345234143403353450131135301041333
101000011110110111001001110000
003515030214543205310045434
1111110000011100111000111
51305553454515234412
52242121343300214240401214312430241102125423234
231333
00000110
224413410122254013
313505234044324125411113301403210534041
45035144434321341544313414244123340044314
11101000100101100111110010001
0101011000010110000101111111101101110011100111010
3302141504234323541244154121420
5122253232403132221234
00010100100111101000000010100001100001101
1111011010011111100010100
041301052301531525
1000001101011101110000110111
101201000315501053
10101001100001101111111010
512225323240313222123450515451452334522414
0111101010100110100001000001000001000110
021002101021002122112210211201010020202102
20221111010210210011100011212001
1001110101000011110110111
55302020310112452414534301413141220125213
2201010222220220122210
1100111101000010110001111101110110111010001101100
001010000000110011110010010010100000110001
1244504433411105500543053
002
52242
0235300123523304233401223452353321333
040515315031401045513030031205231023450323
001010001111010122022220111020012212221021
22110222012
121002222121122111021101022121121
32022200151002532544425
2120222110202221112110021121121020
03310154335223104102344
03333200255135413453034031141243042525014135411
212200102221
132122200152043
2442343544121432510
110101111011101011101
23334
00211002200001120221201020100010121122022022
121443
440240100554552
041111222344413233
234132
252300135304
011100110110111101011011010000010100111111111
0110011000101101101011111
0100110101001010101011010000101010
23552254
011000000010001010110011000010100110101
1001
32321002124233
125004232235444
10101010011001001000010000111011100
231301242352454
010011010101110111100100101
1001011010010101000100111001011
4222103350533143
1144135403524415154250201
234410224303
111110110100111010100110
0402315
4300000100311430053
2024414410132
521111201113340352150134304442243554241153
41243500345422441353123421053153121
45522314504402432041025155040033532
411530233010455430340050032501
51230141155
00100001
10100011010101101000001101101010
41141143523020004301042443524
1330115314324025154130323223535
311133323004411550014250514344441110054
24424430524100311312143003124553255130
121110112212010010201112021001
00100100
020100022121100120
0110100100001111001111010101
32142355403423203553012554502514
10100101001001011000000111010111
2553
0151420513524533042103004551415351452443315123403
112101202220221220121000210012201021011
40344041522525105054111512252143013313051014
1001111010111001000011111
5050405545215052452332
11220022202222110020222202110122
20212221111
30310140333055325
44220000120532122333144311305132
4031124
521215203554132320152112343234115243
14102001115202011230022423141550301200230
203200111524235211314122120003
2200021302434023
43000001003114300531535430345321
021042532434210213103015105104502242131143203
3533320552254311010222452442440121023331452144
10100001111011011100100111
4402401005545520
11344040242345515450514
44123351320
1241320542315332
4554402243511234144234
13443
010001111101101001110100110
000011010010010111101000100001001000101
0531533112000000143325143532121554430404
11111100111000110100010000011
100110101111001111010010001011110101111101011
041134204441
43430330431
24222131410123
44204402143000
3202220015100253
200112012222101222002210001020020121121
3240353314550005325232224354341342222203232415052
4442014321531050015355531334414002010104534454
51152323424515213041
31320533451341132511440142223140434214343
2220001002212111222221
34011144255513421215
112101202201212211210121112211202
00101000000101010000100100011001000011011001
100101100101100101011100000011100
011530505543414535320011000530335
01010111011000100110000010100100110
01010010110000011111000001010110001
3110015011440233030125315123211141424313551
11201111210010102
4221501302344444013545124020002525331105545000134
31353325241040100135401110150210023
00100111010010111011111010
521215203554132320152112343234115243441024405002
23003443011445250340432041032144522310202
01153050554341453532001100053033553230
511244535042545121024315423151332
0001011100011001000001100000011001010000101
101000110101011010000011011010100
001110111101000111000101101
25243121254500452430224433440
12121000001221102002100100202211
01201201212222211222
101101111100110111010001
21220120101002020200202001002021
000100101001100110100000111010011100
10101111101101110000111
04130105230153
3055435500144210551253103113015230235
4300524110554355521533523054014054155405
00022212210112001222012200210020022121
10011111010111011110010
010101100001011000010111111110110111001110011101
3202220015100253254442544140553
3330002244514454212425430435555145235542221110
1152413124341423
51230141155150331320553040502151225223
132024330202303
235522544224155220500453305
03532213155511444241301043221333432300
103345354144343301311532045034524
324312
25400512205133542353444555212554450222225223
45322254234305555032250433423012
051541524341123402413123545224514
110
101010011011011000010011101100
430224324224032140525315021113525042541520
0011000101111110101010100011
111111110110110100111001011000010011001011100110
555301221100400143532000531451541220
00101
450351444343213415443
4553210330242205
1012010003155010532530352520240353152
4452
22101021022020
240255112531200215405355024550550511253
10154420250220
100001110011110111000001110001000
2532045123112525415152114135344130213244313114525
32431255125515210131215043323505322232150243302
220101022222022012221
10111000100101010010100110111
0143243024003031351401221320
0234444411302041320353213105321042050034211
100111010100001111011011111101111110101011
000002
05545300211204015404312002
4422000012
222121002221020100111012020
3003244253524301
552004455222232420403330050
301431554020241143053012020430212534344303135
0011101011011111100011000100000
000110001111011011010010111000000
53430
1011000100211220201
11441354035244151542502013303524331404024104321
101110011011110011111
430052411055435552
00011001010110011101001110110
0111101010101100111101100
0110100101000011110111110001000
403421241041132405
041534555224213223414550055550440345322
1110011101110110111011010010111111100111
23350040312352215
100011001110100011011111100
4112454434543031212045014
10423233432155542414424234105343
220120211112112121112001
444201
011020100121220110
55302
44024010055455205111124200354533552
122002121200200200021100000122110
05345234143403
110000110111111011001100100000
05214530454341355
03105225531510444435413343201434031
10100110111010000111111001
5533235542513415223352232
110250250420205501033
544452220
1010010000111110110110011010
011
2335004031235221515534212504302021011115023443
0152520540211314231405343052440222553535241225341
015142051352453304210300
141020011152020112300224231
5044205415524
2333431255312154153254
02220120110211011010110202220
222020333513533232312015402400322511
45544022435112341442342422153035214451524325
4402401
321222451430313444242141325443440510504
1031055112441412524154131311554
445115241322052
32122245143031344424
0412510152243310112030505001420044225541555321
0010100110111000001011011011100
101100010110110101110110010
102542402245140512001301025402212
01000111110110100111010011000
2532045123112525415152114
521111201113340352150134304442
011001011011111101000111
0120011112011112022102012111
5305300551551335421540432222045533231000
4442014321531050015355531334414002010104534
03324030
4302243242240321405253150211
0110010010010101010011001011000100001000000
102201211011200000221021102121102010221120
143431325131055
5115232342451521304130421201433120
211220121000120
1031055
322404300031002301
42334445335544311212402533
403011035152415535423324550244312033330420141210
113440402423455154505144204450412
40100212122
0353221315551144424130104322133343230
10120100031550105325303
33021415042343235412441541214204005245312
412421441102032523001345
0110001001001000111110000000100001001101
0140111340
01001010010010010011101110100011
11001100110000110101011111
101001111100110011000110010010
040515
1501025244544132050232421205335
21021002122112020010020012102
11554024520550333501
14343132513105540143240134
001010000001010100001001000110010000110110010
23552254422415522050045330534044220444053
32530453231012255421453510235005331
323233412140
2011011220202102201122201120102121120
053023042540
041402412302512432352320031045241502533
5002513525
1101111100100001110101001001
00101001010101010001010111111
001110101101111110001100010
031141502040444425550112302114322000010512341
412421441102032523
1000000100
33134130301213
11000011011111101100110010
001000010011010001110100000111001011
015252
35104434204455422212145
02442504231053022155212313542145540255303255424
313222502144421102145055440414114405435111
504550005301255212302133034541045244002520211
1100111101100001000010000100011110
11110011010111110101100
1235140255
0100100022102220100122000212200011
320143333033343045013534415505241211222320043034
021102010221221221112021221211210
2000021120111201200122202012
0000222122112
10010000
100110202002222212002201221220020212
01101001010000111101111100010
0012112212112201112122
00100000010
002220001010210221120001101210001020110221102201
0415345552242132234145
01153050
0001000011010111010100111100101000
1100001101101111110100111111001111000110111
500251352522021330
31233254014304213
5430325452035
0110102002012002102
324222
1101100011111000110101011
5050405545215052452332234220
01010
5305300551551335421540432222
010011101100011110101000100101
15135
1111111111011010110
0202210222221120122210010222121010
101010000001011001101110011000000011
0100011000001101110001110100011000100
11010111101100100110111
1101011010111010011001101111001110000011101100110
10101001101101100001001110110
4422000012053212
2122011020100211101110111021112102012011201
2442443052410031131214300312455325513
01111010101101001110001011110111010110110111
100000000100
14540513031523544113352040333313511142221002
50405050412331035
122220000222220111221112221021011
04125101522433101120305050014200442255415553210
3243125512551521013121504332350
455300331325014532210053520
2105532320022124440255
0000010111110001011110101110010110111011100011011
2
04335
21132330
00100011011010110001110010010010100
2131413
111110011100111001000111111100000001110110110110
2234001201
1155140345520340412314342050024453101143501043033
521215203554132
011101120120212110120100211102
0331015433522310410
1100011022212111002022001000120220120210122
41121353124142315425312412355
10000001
44131430431
202021002010022022202210210111022110121
0001001010011001101000001110100111000
01100111101001111111010
033332002551354134530340311
0110110111111110101010
1033453541443433013
5352243214530533230015311455
421354324410341
1211101122120100102011120210010
3302404420222
45522314504402
3300501442110205335352522315343
53551032231044343204
40344041522525
4034312133442340
00011
5115232342451521304130421201
50442
00010010
30331114114213
440240100
13454035114541
40402011442312
110010120021210010222021110102020102222021
0100100110011110110011111
100001110001011111101111
5430325452035204332151122
1010111110000010100101100111
0235300123523304233401223452353321333542042014112
1111011110101011110100
0101000011010100101100011110010010
115514034552034041231
2555303033050052
1012010003155010532530352520240353152555112205
0115305
1015442025022
1110011101110110111011010010111111100111000
352135140444543405543031310355044125
430524302151233300
212120201102221112022211122020210
12200120222200101201000102110020
00001110100100101001010111000100000110
320222001510025325444254414
20000
040515315031401045513030
2333431255312154153254353221015211
1152413124341423231234403102550202
124450443341110550054305351341503452024
0010100010010010111100101101011
100110110010100101001111101000
01432430240030313514012213200
1202221110201
22102001002220211122101202122220201
235234415102321152440
420435234305302000344505300143230450241
3401114425551342121523351533115334410004015521
514045054521050
134434025215055355351133435332
43052430215123330
13243253410
50350015135
0001001010011001101000001110100111
1001111010111001000011111000
1000101101001111111010000011
1111111100011101100101
22251040030135
0110001011101110011101100001
05154
455223145044024320410251550400335320
001010
21113312021303534412315424501
1144135403524415154250201330352433
2000100112011012012
4112135312414231542531241235501054024550
1231111201020
10010110010110010101110000001110
313533252410401001354011101
4313004
01120012111001200011
020221022222112012221001022212101
50023522550103410204344030303053014433321355
25320451231125254151521141353441302
41242144110203252300134551522121041450251434
411245443
112000120021121111211110101002101202122111
041251015224331011203
324323231410
035322
433015122301351034
010000100
01110010001011110000111010011
222101101011120112101120200211101221001012
1011341010440200141
205145533
24424232431331300
411213531241423154253124123550
100100
011010221002221
33303152421350404414204415330312
002122002222202211110201101100102110221
54445222040434313511201335210205333131442051350
355453105103031022044415335352112025
11020200100020101220
220101553154331044431301425
35315340325130435521014123421202
01020100120001121002221201202101002022220111
011111011011000101011100010
121120102122000102101012212
031052255315104444354133432014340313041230
03105225531510444435413343201434031304123
22140030401554024020042133334115140033
22001212002012
11110111101010111101
1105112121
412435003454224413531234210531531213302203
0311415020404444255501123021143220000105123410
23523441510232115244
00110
44220000120
04125101522433101120305050014200442255
1525203355153301400341415404100500045334314321051
521005423332331015000322400
0010010
4425440131
42525211420154533414320045024430434541
52100542333233101500032240
11101110001010010101011001010
1155140345520340412314342050024453101143501
300545121455033
35545310510303102
324222240133
202001220210120
010011010100101010101101000010101
152520335515330140034141540410050
100111000111001111101010001
4451152413220522425522151214411042411520515042
51230141155150331
30032442535243015325203501
31353325241040100135401110150210023344245553004
455300331325014532210053520010432144232
324312551255152101312150433235053222321502433020
553020
0100100
411245443454
42221033505331430
1102002222011002111110112001020221112101002
02122210102020
051541524341123
123514025541512312105041155335
35302030133411313245310333354201432450
0010111110000001110000100011011000100
010001111101101001110100110000
0010100
0110000000110011001100010010011111
441233513200511541210544454033554231550114150514
015252054021131423140534305244022
1010100110110110000100111011000
011001001001010101001100101100010000100
0531033
111010001110000001111011111100110011011111010100
110101111011101011101000
2300344301144525
2100021200110000210211100022210101010
1155140345520340412314342
4511013113041210
24423
500251352522021330333110020
232101132124243551033321124231
43022432422
20143534213235445402451
0202120120022002120020202020010
450351444343213415443134142441233400443143055
511523234245152130413042120143312044334044120055
053103304154423403423
1330115314324025154130323223
22441341012225401302020212145333510532512
40342124104113240534505000021541020511
5453021204524330343523155532251212230205430154150
003515030214543205310045434354304241
101000001100010010100111000011000110010
3202220015100253254442544140
21111202021000020
3315340524251450525341553
15252033551533014003414154041005
011010010100001111011111000100
201010112221112101021022201110120022010000011
5530202031011245241
0151420513524533042103004551415351452443315
3201433330333430450135344
2201202111121121211120010
01434235354205403030221411320453201422511424534
35213514044454340554303131035504412512123004
20122222001000222100021220001022200201210
4233444533554431121240
2355
012210111111202110001202011201001220022202
0010000001
00011100001110010011010101110111011110101011111
021042532434210213103015105104502242131
555
3055435500144210551253103
330214150423432354124415412142040052453120
4243134343213032401504242134245523451140021305
4305243021512333
4553210330242205552450221314202441230
32403533145500053252322243543413422222032324
011001011011111101000111111010011010111111
145405130315235441133520403333135111
430224324224032140525
2350322130304
101000100000100101110001111110100
0212021200000021112011120202122212102002
1102502504202055010331113304
414311540554020540313202410102443002
101111000110101100111110
42212051101013054225
411213531241
511523234245152130413042120143312
2241344014322432
30110042113025513021201152523003534551455523
25400512205133542353444
2112200102120202111110220121122201011
0000011
52242121343300214240401214312430241102
55200445522223
0110
54303
423344453355443112124
12221212221012110221
0201012000022022212012000010212
1401320112
553020203101124524145343014131412201
140505214000514504
04051531503140104551303
00000101101110010110010111110
011110000000111011001111110
4252521142015453341432004
000111000011100100110101011101
20143534213
33235022215
22212100222102010011101202
011001001001010101001100101100010000100000
24424232431331300440050
3110015011440233030125315123211141424313551534554
00213523413014110432535535414231453
102143022
12200212120020020002110000012211
320143333033
33144
5211112011
0011000101011111111101101011000010110110111110
200022102202201100012022000101102222122010
3521351404445434055430313103
0110000
3243125512
504420
325304532310122554214535102350053315205200545335
10423233432155542414424234105343454
0001100
111100011110010010001110101
333240305315121040522023
1011011001010100001001010010010011
331534052425145052
10100
11010111100100000101011000111
511443132320113313125005
0100011101010111001010100111
12011121020200011211121112010
331534052425145052534155314345112311
01101011100110000111011011
11011011100100111111010
0353221315551144424130104322133343230035043533
1011011111001101110100010000
14345000414440513433313440435
340111442555134212152335153311533441000401
01000110001001110010011101110100
0115305055434145353200110005303355323
110432303124022
2012222200100022210002122000102220020121
2032001115
03114150204044442555011230211432200001051234100
0405153150314010455130300312052
10000010011000111111100110011
1101011110111010111010
1031055112441
1112022020001111000101221112101
02022001112220
424335034
24333
2555303033050052200030011133225055211140314004245
154032
3345
101200120102021021211111110110012112102220
425252114201545334143200450244304345411535222042
2342112
001000000100
2001112212011101200010112111110221121112
1010000111010101101010111010
0411231400501504131102134314020350430152
13253253125103410
55445031211424312034
0413010523015315252504522102433550522
422120511010130542250213100404551
20413213344343035522202403335503355333
50025135252202133033311002
2105532320022124440255205341133024513304520042521
4221120310301012211325045323
351044342044554222
10343223241021
21212020110222111202221112202021
21021011102211110022121102
1111010011110010101010010111001001011000011110111
001000010
53522432145305332300153114550
11100011101111011010011100111110100000001101111
0222112220011102200111022
3353511550312341410130
321423554034232035530125
1222000111120020102012110222122120022
244244305
1220021212002002000211000001221100
55332355425134152233522324243
210010012110222
21314135141020
11012021111200212122200001002
4330151223013510343350323341435
000100101101101101101111101010110111000100011111
220011245000234130552444
2242200505213142531440330131554415414111415505
4115302330104554303400500325010244232344335
00011000110010010111111010011
44024010
422330005000125340124101323351024411320234054551
15252
010221111220020
41533251031
1011110011100010100111110
3530450203555350153550
324312551255152101312150433235
330214150423
0222210102202221000002020201
3011004211302551302120115252300353
1434313251310554014324013434114
01434235354205
504420541552451510512030233132341520
100110110010100101001111101
430000010031143005315354303453211133305352
45110131130412101533233203015105432532423
24424430524100311312143
001110111100010111000101100100
2040432
545302120452433034352315553225121223020543015415
12210201021001220121202102
100011111001101110011011
511244535042545121
4114114352302000430104244352433403
002222202012000021001021221001
100111010111110011100101
2131413514102
022212011011002
0010100000010101000010010001100100001101100100
101001101100010010011010100111
13542035131343102342445451511
10011110101110010000111110000
53053005515513354215404322220455332310000
2200200001200120221110112020100022201212012
3332403053151210405220234321005255444
50442054155245151051203023313234152032341
324041504113
504550005301
201222220010002221000212200010222002012100
114340004130324350104501433332
10001
01212122200112012001102102002000200020110012021
111001110111011011101101001011111110011100
11001111011000010000100001000111100
000100001101011101010011110010100
10110001011011010111011001
001100010101111111110110101100001011011011111
3330315242135040441420
11000110222121110020220010001202201202101220
042501200431213241214531430124015531
5035001513513221004
1111001101011111010110
1433224112410
10021002010212120
015142051352453
001100010101111111110110
2014353421323544540245153310334413315
10200212221020
111101101001111110001010
0310153453105121253051215402405015
244242324313313
0405153150314010455130300312052310234
500235
110000
110101111011001001101110
2053333532325122200544512
001011010110001010101101111
0100011111011010011101001100000
01434235354205403030221411320
415154155020422415142024102
430224
11001000010010010100100000011101011100
1100011110001110000000111111
2523001353045111024452032402153413310450455303131
2321011321242435510333211242310
110110011101001011100000100110
0111100000001110110011111100000
1121012022202212201210002100122010210110
4252521142
522421213433002142404012143124302411021254232340
54445222
2524312125450045243022443344043321
1244504433411105500543053513415034
3253045323101225542145351023500533152052005453350
2333431255312154153254353221015211410431
100000010
1032142003213413302102513142
01100100100101010100110010110001000010
101
4341132052412151315534221542132443
324312551255152101312
434303304310
05345234143403353450131135301041333411144501113
00000101
4124214411020325230013455152
010010
01001000221022201001220002122000110
40344
353045020355535015
12445044334111055005430535134
45231
1001101111111010100100011
51504
0554530021120
422330005000125340124
102021122211
13351325122
0110010010010101010011001011000100001000
31102310202
025350
040030450213542121432502231125
5553012211004001435320005314515412202425
01001
3302141504234323541244154121420400524531200
111111000001110011100011110100110111101101011
3521351404
523204520200423552002213
5243333333500144135142040430022012
1122002220222211002022220211012200
521111201113340352150134304442243554241153401134
001011000101011001100111001101
0001001
0010100101010101000101011111100
0515415243411234024131235452245145213243030214045
3323502221552125553405405121423233212315244
33324
05214530454341
235234415102321152440341203
340111442555134212152335
33021403021422441323235
504210324300304330534032
010110110121132
1010100110110110000100111011
3240353314
043350132521215040440532211112440243334552
23003443011445250340432041032
30032442535243015325203501341510325152430134122
0311415
55530122110040014353200053145154122
31233254014
22212212100102021120211
11101000111000000111101111
45035144434321341544313414
201101122020210220112220112010212112
15252033551533014003414154041005000
001101010100100110000011010100111
01000000100101010101001101110111
010010100100100100111011101000110
1000111110011011100110110
4105223525131234032233421145130014310441141131
4330151223013
011000
10000000011011100101010111111
03400550500033
5130555345451523441211050420134403341520331512151
131542544501032410443041250254524403315
111010001001011001111100100010
30554355001442
11110011100001100110000001100101
2222202012
52553130332023122400130053310013324104
2524312125450045243022443344
1001110101111100111001010
0010000100
50442054155245151051203023313234152
40344041522525105054111512
111011011100000001101000100100000000100001
50023522550103410204344030303053014433321
03310154335223104102344442253233115135512
1202110210010101011010220000101211110
212022211020222111211002112112102
11551403455203404123143420500244531011
514045054521050501323412402131205210244
453344351152025432533
511545300341352010545002351351331411511431001
1034120224213433240
512225323240313222123450515451
101000011101010110101011101
111011000100010111000010011100000000001
1000110111000100100100010001111001
434121
001000110110101100011100100100101
20112201001102022211110122
101001000011111011011001101
330214150423432354124415412142
0000111100101000101100111100110
514045054
0101
4451152413220522425
415154155020422
14050521400051
52100542333233101500032240051511
014324302400303135140122132
422120511010130542250
0021352341301411043253553541423
0400304502135421214325022311255033441443202333305
1002221012122020200002001221
3530203013341131324531033335420143245
101001010010010110000001110101110
3111143200334441550324
45334435115202543
010110011001000101010110001010000000101
3232330332454102145252125
43022432422403214052531502111352504254152
123111120102
02022102222211201222100102221210100
010110101101001011110010101
1111011000011111000001010011
043350
32323303324541021
33233014535124312004550343324514402150253001404
11101000111000000111101111110011001101111101010
104232334321
14343
43052430215123330042013303201304
111011011001111010010000011
1201112102020001121112111201
0001110110000101011100010101101
522421213433002142
23210113212424355
051541524341123402413123545224514521324303021
01100100100101010100110010110001000010000000
14341423222
422112031030101221132504
442544013151502
233500403123522151553421250430202
0110010010010101010011001011000100001
4532225423430555
234124444323212
4115302330104554
000011110010100010110011110011
30054512145503343041434220450421303112243233431
5550
035322131555114
11441354035244
3510443420445542221214512501221441552251153
0405153150314010455130300
3302412
10100110110100100001100100000000000010111
414311540554020540313202410102
303302152030113523211
1325325312510341
4434024232
220220121221200200022111022011211102
21055323200221
4442014321531050015355531
113440402423455154505144204450412420241
52320452020042355200221330450332551025352250055
50405050412331035351511241135544355052
053452341434033534501311
301100421130255
133011531432402515413032322353522450
41344243055141
04250120043121324121453143012401553141453042003
02110201022122122111202122121121
10111100011010110011111
4204352343053020003445053001432304502410
2440123341015054445503540323055422432555
232101132124243551033321
1322335423
52335415
02
04335013252
51404505452105
32122245143031344424214132
122011011222001022122021011112100002011011
31113332300441155001
011000100100100011111000000010000100110100
01112001002010022011
00011111001011000011010000010010000101
0400304502135421214
353020301334113132453103
011110101010110011110110
0010011101001011101111101000
53053005515513354215404322220455332310
4511013113041210153323320301
120211021001010101101022000010121111
0414024123025
154032530445040415333002552511
100001000101101100100001011010101010
1111100111001110010001111111000000011101101101100
2442423243133130
00011000111101101101001011100
11202010211221200210112001011
042402404021422413055151512101435550302
10000100010110110010000101101010101
0111011001111100000110100011
023530012352330423
211133120213035
32222340552332100220254
235234415102321152440341203310423
3530203013341
53053005515513354215404322220
23003443011445250
31322250214442110214505544
2122012010100202020020200100202100
35125521343353102501
031141502040444425550
1011110001101011001111100
32422224013341232351102421521
01525205402113142314053
402045
33300022445144542124254304355551452
1143400041303243501045014333320
01100
23253
0224044321122014243
4305243021512333004201330
00101000101010101100110011010010001000000000
01010101011001010010111000001011
5123014115515033132055304050215122522311443
4115302330104554303400500325010
100101000001100000011010010100101111
32404150411305454222542133424
0101101001110111111101
00110110100011011110001001100010
10215102221320234452345
3323301
3533320552254311010222
50455000530125521230213303454104524400
13351325122103535225
23523
0000010110111001011001011111
000220002022020021221211011002020102110200112
41243500345422441353123421053
011111001111011010001000101
4330151223013510343350323341435235241505155540131
1100
2201015531543310444313014251151005
021000111202101210
35545310510303102204441533535
4552231450440243204
31111432003344415503240
04140241230251243235232003104524150
3302140302142244132
1100010021021111121100201121000211
535510322310443
1110100011100000011110111111001100110111110101
254005122051335423534445552125544502222252230
244244305241003113121430031245532551300
010001110111000011000010010010100010000100
1000011100111101110000011100010
111100110101111101011
110010101000001110110100010111
05310330
042501200431213
2441411344
0220434
05154152434112340241312354522451452132
321423
1001000
41242144110203252300
4425
101110100100100110000100011111
5112445350425
0310522553151044
3045012041150423124444
44511524132205224255221512144110424
5343023203025502041311012142010042014450
100001110011110111000001110001
000011101001001010010101110001000001100
35304
03114150
0222012011021101101011020222
4204054303050022543433034202
11000
1001100001100011111011110000010
0100100100011111101101100101
332330145351243120045
433544132204115414042544045454523312452
10010110100101010001001110010110
0424024040214224130551515121014355503024110550541
41533251031151253012240
22010155315433104443130142511510054224042431
040515315031
33535115503123414101300
152520
15530010
333240
4223300050001253401241013233
25320451231125254151
10022210121220202000020012210
511523234245152130413042120143312044334044
4511013
3401002230
514045054521050501323412402131205
1001110001110011111010100010
000335442024552545320335300510213533051421321401
5050405545215
244244305241003113121430
143450004144405134333134404350102113431514
15135105511
333031524213504044142
2100100221001020210
441033000204214
40243545504212
2220000001200102210
422150130234444401354512402000252533110554
244234354412143251
0121220201212112210110102
10200220211220
401002121224024135431453205231231030204443
23334312553121541532543532
5414433005432101334152451015044105135012213
11110110100111111000101
001111101001001010110011100001
0441124421410
50025135252202133
4143115405
1553001
55311
2523542423124331421331154135032300154440501233
0152520
224142
3111100542313435121241453512314210551024120245414
23210113212424
4503514443432134154431341424412
332304
25320451231
0011
101101100010011110100110011100001111101011111010
32142355403423
42423
30143155402
135420
3330002244514454212425430
2244134101222
0012222220020122200222
01101101001101000111110110
11010010110010111100100000100011
425524334055552
11110110100111111000101000
111021002112012
01110111100101001001111001
433015122301351034335032334
32323303324541021452521255253452
0001001001010110111101000110001001
0414024123025124323523200310452415
1010001101010110100000110110101
010100001101010010110001111001001
3045012
3240415041130
4124214411020325230
11551403455203404123143420500244531011435010
022100221001011101202111000201020102220111200101
211020202021020
2355225442241
355453105103031022044415335352112025443332425450
5352
11110100111100101010100101
102151022213202344523451423431122102
0414024
304501204115042312444421433
001100
00010100
1000121212122
5131443454015132033004542
01012122221022100102002220
2214003040155402402004213333411514003330055
01100010011000011111001010111
3111333230044
3240353314550005325232224354
100111101011100100001111100
1011000101101101011101100100
20
235032213030432514251253035320115535051433001404
15010252445441320502324212053350
01000100010110101011111100011
100000110101110111000011011100
0000000111100111101101010001011
403440
232101132
2553003223510012135322100542010240232013
535224321453053323001531145505515414242203204314
04335013252121504
010110000222101112
10310551124414125241541313115545503
1525203355153301400341415404100500
001011000110101001101000011001011
43354413220411541404254404545452331
10010110010110010101110000001110000
1000001101011101110000110111000
132233542334415041103
001011111000000111000010001101100010
5343
4533
0010100010101010110011001101001000100000
020113332
041123140050150413110213431402035043015202335
1134404024234551545051442044504124202410
2001102010002000002000122001101121221
024425042310530221552123135
020211122020002
043350132521215040
33300022445144542124254304355551452355
2444531122
01100100100101010100110010110001000010000
204124003123411
011530505543414535320011000530335532300
32014333303334304501353441550524121
10102012102021120200022101112
3032135514031523
2202201212212002000221110220112111020
444322023301
20131014010130344
0001100101011001110100111011
12413205423153325500205443503255115015013141214
101021120020220100
4134424305514132210103045454403040515053113004311
100010101110110101100000011011
120000200022222
2524312125450045243022443344043321133303
240255112531200215
335351155031234141013
0101221112010102211202122001201000001211211
0010000000111100000111110011000000111
41121353124142315425312412
513055534545152344121105042
100001111010111100100001100101
1344340252150553553511
3253045323101225
053452341434033534501311353010413334111445011130
01111011110101010110110
21314135141020253421125500012502211150211541545
42525211420
505040554521505245233223422
523354154244333201
043350132521215040440532211112
100001
1001101100101001010011111010
20220022101212112002100110120202010220012
114340004130324350104501433332021422555
0433501325212150404405
110011110110000100001000010001111
534302320302550204131101214201004201445
3315340524251450525341
2225104003013520215402201331
3135332524104010013
03310154335
0022222020120000210010212210010
010000100110011001100001011010101100
0001000011010111010100111100101
010010101011011001100010101101
4153325103115125301224010332035342
303101403
205233
1110120110102100021
110011110000000110110010111001
111101111110111111101100100100100000111111
10154420250220351151234414010512154113331
011110111101010101101100
0011000011011101000111100000001011
110011010011101010000111000100010
00111110100100101011001110000100
212201201010020202002020010020210
135420351313431023424
52553130332023122400130053310013324104544
110110111001001111110100000
0010001101101011000111001001001010
5042103
402435455042122110250401451121311154115
451101311304121
10011011001010010100111110100
11110010100110101101111
5514
330050144211020533535252231534335213535330231
221022221010
143450004144405134333134404350
4553210330242205552450221
55200445522223242040333005
11101010111010011000101100111111111110110001
10220121101120000022102110212110201022112
010001100010011100100111011101
1025424022451405
541443300543210133415245
5305300551551335421540432222045533231
521215203554132320152
0143423535420540303022141132
21332031211342242131
252354242312433142133115413503230015
32431255125515210131215043
01000000100
1200222212210120212022110202101202
33153
00101111100000011100001000110110001000
1200022122021121012210012
0011000001001111010101100001100110
20212201221011011222202011120120112
0100001001100110011000010110101011000000
42212051101013054225021310040455142220050353
104232334321555424144242341053434543154
530530055155133542154043222204553323100
1110101010010010100100110011000000000010
151235424443445002424304201351543140502
1042323
442401
20553
254324530
11111011010011101010011
11110111111011111
0020221121220221110011002112012202121
35545310510303102204441533535211202544333242545
330240442022225222
4402303455044113043013
20002210220220110001202200010110222212201
44331
123222122201321101
111100001110111001001010101
01111101010010011000110111
30032442535243015325203501341510325152430
1250042322354442301311133154320040103551
03410142
0152520540211
113440402423
0010011101001011101111101
300324425352430153252035013415
00110101010010011000001101010011100
1105112121343050211323104100434350
3353511550312341410130051515043045033
0331015433522310410234444225323311513
0011010101001001100000110101001110
