01100010010010001111
122011011222001022122
0010100011110101220222201
12222000022222011122111
1112010122210220200101010122121020100012220120
100000
0100101001001001001110111010
001000010011010001110100000
00011100001110010011010101110111
01000100111101110
0110001001100001111
001100010111111010101010001111
112200222022221100202222021101220010010020
000101111
1010111110110
111010010000000101010001110101010111
001000010011010001110100
1010000111010101101010111010011
10010110100101010001001110010
000100101101101101101111101010110111000100011
101110100100100110000100011111101
0011110011100111001110
200022102202201100
021002101021002122112210211201010020202102211
01010111011000100110000010100100
0001100101011001110100111011011101001010
110100211110
112000120021121111211110101002101
10011010111100111101
202021002010022022202210210111022110
0001110100010
011000110110101111101001111
0110000100111100000000001110100110
010000101110101110101100000110110000001
1011010101011101100010010100111
101011111011
010001111101101001110100
11111010111111000000001
0022001011111000111020111020122020101211
1001102020022222
0110001101011011100001100011011111000100010011110
22002000012
20202112012200210111
202122012210110112
01220000212010201201
011001001001010101001100101100
0101101001110111111101101111101101010
0210021010210021
21220110201002111011101
01000110010000100110110100010000100010
011110100001101001010111110001111010001010111
100110101111001111010010001011
1010100000010110011011100110000
212201102010021110
100
222200101121201220
0110100111001100100111001001000111
0000000111100111101101010001
001111001110011100111000001011100
0010000000111100
0012011020002022110121200211211
10000111101011110010000110010111
00022212210112001222012200210020022121022202
10110100011111
110001111000111
00010010110110110110111110101
000020220020101022222221020102102021102101
1101011110111010111010001001
012121222001120120011021020020
00000101001001010110010000010
010010101011011001100010101101110
2110210211202011200012021
100110111111101010010
101010000001011001101110011000000011110000
1010011011000100100110101001
22212
10000000011011
00011001010110011101001110
1010000010111100100001
2010101
12220001111200201020121102221221200222110
020221022222112012221
10110111111111000010100000111
101110001001010100101001101
1000011100111101110000011100010001000010
1010100000010110011011100110000000
20002210220220110001202200010110222
0110111000111011100001110000010100100
000000101011100111111011000
2210
10121
1202221201022
001201102000202211012120
1222000111120
0001110100010000100000111000010100011000
10110021122120021
101221212211202221
11222211022212222222
10000110111110111110001010010001
1100110000011001010100011001010111100010101111110
0000011010011110101
20212201221011011222202
1111001110000110
00112020111
100011000010101001001111100010000011010011110100
10011110101110
0111100011011001
0010110101100010101011011111001
101101111100110111010001000000101001000111111010
111101011001201000221102221012202022000011121
100011011100010010010001000111100111
122200011112002010201211022212212
0110210
011010010000111100111101010111
111111110001110110010110000001101101
00100001111011101
210201112010220020112001011002202102000
101102021012011
2211102120102111111
1011100110111
2021
0110110111100100000101011000111100
02011001
222122011112200012002100
1200222212210
010112000
0100001001111110011000110100001011101011001000
1222000111120020102012110222
00110210
0200222022200220201
12110
11101000010100010010001000110011001111
110110111001001
01100011010110111000011000110111110001000100
0100000010010101010100110
10001000001110
11011100011011110100011111100101100
012210111111202110001202011201001
200221200012221220
111101101001111110001010001100
110101110101100
1000000001000101011110010
20022120001222122022011002201211010100012
001101111100000001110001001100
111100101001101
122112
1101011110010000010101100011111
1010010100100
00111010000011010010100110111011011111
1100100010110110011011100
011000000010001010110011000010100110101000000011
11011111001000011101010
011110111101
1110111000101001010101100
000101110001100100000110000
00011000111010111
100000001011001100010000101110111011010
000001101001111010110110101011010
01011001100100010101011000101
1011010101011101100010010
220201110011221121210112122110111
111110101011100011101010101
2111011020
2210200100222021112
0022202111200021212021112200021
122020122001000102001200010201211021120
1000000010110011000100001011101110110100100111
01100000001000101
2112200102120202111110220121122201011111221
01110011011011110101
20220022101212
110111100010011010100101
10100001111110000001110110011001010000101010100
00002121111112
0100100101001
110011000010111111111000110110101001111001000
1012212122112022210020222
1001011001011001010
11110000111011100100101010101110111
220220121221200200022
1102002222011002111110112001020221112101002220
100011000101011000000101
10011020200222
0022200010102102
22022012122120020002211102201121110201111
111111111101101011010100
010000100111111001100011010000101110101100100000
0000011010011110101101101010110100
0011000101111110101010100
00111011110100011100010110111
01012211120101
100001111010010110111001011010010000001100101
22210110101112011210112020021110122100101222
00222012201221
011111011011000101011100010010100010001110
101011111011011100001111000011110101101111100010
100101000001100000011010010100101111110
1100011000101110100111001
100101100101100101
0011111000001102
0211021200220
00222012201221110222222002122202021101110220
12222000022
0002200020220200212
20202100201002202220221
00120110
110010001011011001101110010011100101101
001011110011010100001101111000101111101011001000
022201012120211
22022012122120020002211102201121
0110110111111110101010110011101111010
110010111100010000001101011011011
111110010110101010001001101100101000101011111
101100001000111100111101
10220121101120000022102110212110201022
02111002102022101000202001111021020201100
101111000110101100111110000000110100010010100
0001110000111001001101010111011101111
10000000101100110001000010111011101101
000011110010100010110011110
01220012222121021
12100221
002220122012211102
00022212210112001222012200210020022121022
12011
2012000211
010101110
0101111110100110011111011101011
1110100010010110011111001000101101010010001
20011201222
00110111110000000111000100110010110000010
10011010111100111101001000101111010111110101101
011000100110000111110010101
022100
111010000101000100100010001100110
2000221022022011
1220201220010001020012000102012110211201121201
212022211
01111110111000001110101011011011010101001011111
0012011020002022110121200
010011100101010111111000010111
10111001101111001111101111011
1001011010101010111110101110001100100010011111111
200221200012221220220
0021101
22212201111220001200210
0120202110
012200122221210211210222201100120011212121000
00100000001111
110110001111100011010101110011111001001000101
0010000100110100011101
10111001
100101000001100000011010010
112200222022221100202222021101220
010201001200011210022212012021010020222201111021
1010001001101010110010101110010000101
21020111201022002011200101100220210200
11000110001011101001110010
111100101001101011011
10001110100
011100011101110001011110011001011010100
11011011100100111111010000000011
2000210212111
12222
11111100111000110100010000011100110010011
10001000001110110001011110001
00111000000011
00101101011000101010
20121101201012102211112002101220022
01010101101111
0122101111112021
211010000
001110111101000111000101
11110111101010111
0111110011110110100010001010101
101200120102021
1110001110100011000010000110111110010000010110
1011101101110
00011000111010111100110101000101010101011
00010111000110010000011
01221011111120211000120201120100122
01110200
10102002122101
12020
0001001010011001101000001
2012222200100022210
000011110010100010110
001010001111010122022220111020012212
0100011101010111001010100111110
21100212
110000110111111011001
21212020110222111
011210211
00222021112000212120211
12002002200
11201110021122200
210010001
10121121010200010
110010100001110001110111
0211200122101010121011021102221001001021010
00000000101110100
111100001110111001001010101011101110
000110001110101111001101
0101110000010
1001012
121002222121122111021101022121121201002120000
121002222121122111021101022
111100110101111101
1101011010111010011001101111001110000
111110110100111010100110101101011011100001
20122222
122020122001000102001
21020111201022002011200101100220210200011200
11002011112222212110101220202210201002
1001001110001000111111100100011111001001001000111
000100101101
1220201220010001020012000102012
00000101101110010110010111
2011011220202102
0011111000001102020222100221010200210110110022202
0111200
12220001111200201020121102221221200
0101010110
01000111010101110010101001111100
1010000011000100101001110000110001
000111010001000
21020
001011100011010111110111010100
0111111101000011010010111011
1110101
001111100000110202022210022101020021011011
00022000202202002122121101
001010101100
22220200200200200001
012212000112210001011100110
11210
1010011100001111
10111011011101100101111010010111
010101010110010100101110000010
2122011020100211101110111021112102
111010011110011100011000011100111010111011
110101000101010010100
02012002100001
1011000101101101011101
0110100101000011110111110001000100000111000010001
0010000000111100000111110011000000111101
101110100100100110000100011111101001111
110001102221211100202200100012022012021012201102
00110000010011110101011000011001101011001101
100111110101110111100101101001000100100
202200221012121120021001
11110110100111111000101000110011011110011
1110100111100111000110000111001110101
0121212220011201200110210200200
11010001000101010000101
01001010010010010011101110100011010000100
2200200001200120221110112020100022201
1010011100001111001111
002220211120002121202111220002112222210
111011
0011111000001102020222
100010101000000010100101010011010010111001
00001110100100
101001010010010110000001110101110100100010000111
11001100100001010101000101111001001001001010110
01220012222121021121
00220010111110001110201110201
1101011110010000010101100011111000
011000110101101110000110001101111100010001001111
101001000011111011011001101011
0000100101100110000110010110001101110010101000110
1000100000111
00111110000011020
000020220020101022222221
220200001021012
11120101001210121020
11001010100
0010000100110100011101000
1111001011100100111010
0010100010010010111100101101
20212201221011
022221
0101111000001000101011110110110010010000110111011
2001011211101200
0011010101100000101101000011110000001001100100111
101101110011101010110
1011001100
0111011
122011201122101220
001102100
0001110110000101011100010101
111000111010001100
001010101010
01110011011011110101101101
01220012222121021121022220110012001121212100000
00002022002010102222222102010210202110
020022001121022020
20220022101212112002100110120
022212
001100111
002211112022121020121011100002021020121112201
011000110111101000011100110101000010011101
111010001
0111011110010100100111100110010
20011201222210122200221000102002
1010001001001
112221
02210022
001010010101010100010101111
222122011112
000000000100101011011111111
1000000010110011000100001011101110110100
011000100110000111110010101111000001000001111
10011101011111001110010101110001111011101101001
0110010010010101010011001011
1001110101111100111001010111000111101110
21020111201022002
00101001101
101000011110110111001001110000001001
10100001110101011010101110100110
11111100111
11101111011111100
12202012200100010200120001020121102112
11001000101100001000011
111101111110111
002200101111100011102011102012202010121110112102
1211210211100
101001101110100001
01101101001101000111110110101
01111000110110010000
101200120102021021211111110
000110001010101101010
2102011120102
12021001200
100011111011001
100111010111110011100101011
0022100
01001010101101100110001010110111010000111000
0111100100010100010111011100101011110101000010101
1100011001110100110010000111001110001101000001
012210111111202110001202011201001220022202220
0121212220011201200110210200200020002
0100101000011011111001100001010011101110100101101
0011000101011111111101101011000010110
001102100020122011202020200120102011010000211020
101221212211202221002022220021001001221
02120
000000000001001100000101
2221220111122000120021000012111102021
1222200002222
1010101110010100101010100100111000100000101011
1011110011100010100111
1210022221211221110211010
1011100011010100101000110100010111110101
0001110110000101011
10100011010101101000001101101010011
011001001001010101001
101000100110
0210102112022020222121222001111202221221201
000222122101120012220122002100200221210
022112101121220201
02210
0010111100110101000011011110001011111010110010000
0000000100010101100
0110100100001111001111010101110011100101011010
101101010101110110001001
0011011111000000011100010011
0210102112022020222121222001
010000010111
001111100000
201211012010121022111120021012200222102022111022
2102002202002
000101110001100100000110
1000010101100111100110001110110000100011101
01100110001011011010111
201010112221112101021022201
21101000
20022120001222122022
110010001011011001101110010011100
1110000001011110010100111
00011000110010010111111010011011
0010110001101010011
01000100111101000110
2212002021101100222
0110000001010000010111111100101000111
10120012010202102121111111011001211210222
110111110001000001
111010100110110010010101100111111000000010
100001000101101100100001011010101010101101110
101111000110101
100010101000000010100101010
22121212
2110100001100102111
01100000010100000101111
011110011000100000111100110101100010000
10000111001111011100000111000100010000100
10112
0001100101011001110100111011011
10100110101100011
10101010011001001000010000111011100110
011010011
0100011000100111001001110111010011100001011110011
11201001022021001201
00110001010111111111
00000000101110100100001110100101001
001110111100010111000101
111000000101
1010001101010110100000110110101001111000011011110
01221200011221000101110011011102120
000000111101010101011011001
001101010100
1210020201010011111002
00101000111
1010100110110110000100111
1122221102221222222220200122020212112
1001011010010101000100
2012110120101210221111200210122002221020221110220
2221011010111201121011202002111012210
10011110101110010000111110000011
1110111010011
01001001100111101
0022200010102102211200011012100
0010111100110101000011011110001011111010110010
112101202201212211210121112211202221212211002
0012112002
11110101100120100022110222101
010122111201010
201010112221
00011101000100001000001110000101000110000
1100110011000011010101111111
0111101
10100010010011001011000101100101100111111110101
00011101000100001000001110000101000110
11110110000111110000010100111111110
1100111100000001101100101110011110010110010111
0101221112010102211202122001201000001
1210022221211
1120120220110
210201112010220020112001011002202102000112
00212200222220221111
21102102
0100000101111100011
011011100011101110000111000001010010011101
1101110011000000101101100111101011001011111011110
0010100011110101220222201110200122122210210
1122221102221222222220200122020212
0110001101101011
01000100010110101011
02120212000000211120111202021222
01101200022
1011010001100010011010010001001110101
01000111011100001100
11110110100111111000101000110011011
0101000011010100101100011110
11101010
00222021112000212120211122000211222221000
001111101001001010
122200011
10100110110100100001100100000000000010111110
2202201
20022120001222122022011002201211010
02220101212021101102012000221
10111011011101100101
001000011101011000101110101
10110101010111011000100101001110
0211200122101010121011021102221001001
2012222200100022210002122000102220020
0211020102212212211120212212112102210010221001
20122222001000222100021220001022
11001012002121001022202111010202
1101101000110010100
0111011001111100000110100011000011
0001100011110110110100101110000001001101101010111
01000101010001
01101101111001000001010110001111
201222220010002221000212200010
001011100011010111110111010100101000010001
01111110011000111100011110110101100101110
01100110001011011
10000000011011100101010111111011011011
10110110110000011
0100000111111111101000001111110101101101011111
010100001101010010110001111
10000000111100101101000000001010011010010101
0111110011110
1101110
211102102012011101
0100011000001101110001110100011000100100000111101
1111101011100
1202211
110111111212
00100011000001101100100101111010111011001001
12202012200100010200120001020121102
0111100011011001000001011100
112020021202
210201112010220020112001011002202102
221110212010211
000001110000010111110000010101100
010111000001000101101101101
00101101011000101010110111110010
001000010011010001110100000111001
100101101010101011111010111000110010001001111
1111011010011111100010100011001101111001101111
002200101111
102210000002011012000211001020222120211
10001101110001001001000100011110011110001100010
011101111000101010000110100010100010010010101010
01101101001101000111110110101101010010101100100
00000001000101011000
1100110000011001010100
100000001011001
10111000110101001010001101000101111101010
120022221221012021202211020210120220002
1001110101000011110110111111011111101
0212021200000021
10101001101101100
20022120001222122022011002201211010100012110020
00110001011111101010101000111111110
0110100100001111001111010101110
21101111202001
100110202002
2211102120102111111120221010202021212002000121001
10120012010202102121111111
212101112200
10110202101
01101101010110101010100010
10000111101011110010000110010111001111110101
00100100001010100
10000111000101111110111101100
0111000111011100010111100110010110101000
00010010010101101111010001100010011111011
01100101101111110100011111
1111011111101111111011001001001000001111111
0211102201011221
21122001
0000000000001101000001101100001000100110101
111010000101000100100010001100110011110
00222021
220220121221
0110110111100100
01221200011221000101110011011102120112002011
1001100111001000001010110111011110100010000000010
122220000222220111221112221021011211100002010
10101011
10101001001
11001100000110010101000110010101111000101011
110111100010011
12002222122101202120221102021012022000201020212
00010
0011000001001111010101100001100
110110001111100011010101110011111
1111011110101011110100101
0122120001122100010111001101110212
1001102
011100100010111100001110100111001
111110110100111010100110101101011
011011010101101010101000100
011101111111101011111010001011100010001101001101
021002101021002122112210211201010020202102
000100101101101101
010000001001010101010011011101
222010010210110
000111010001000010000011100001010001100000
00110000010011110101
112011100211222
010101011011111001111011011010011101011
112010112102211020012220
220201110
1110100001010001001000100011001100
1000001001100011111
111110101111110000000010010001101
22201110202
102210000002011012
121002222121122111021101022121121201002120
101101100010011110100110
111101
2200200001200120221110112020
110011001000010101010001011110010010010010101100
1011100110111100111
001010001111010122022220111020012212221021
0110100111001100100111001001000111010010101
200111221201110120001011
121002222121122111021101022121121
11222211022212222222202
2120222110202221112110021121121020
110011001100001101010111
11001010000111000111011111100001
0021220022222022111102011
1100011000101110100
10121110202210021
01221200011221000101110011011102120112
011110101101000111111100000000010001
122020122001000
01111000000011101100111111000001010
122220000
0100001001111110011000110100001011101011001000000
1100011022212111002022001000120220120
1110100011100000011110111111
00202211212202
01011010110100101111001010111
00211002200001120221201020100010121122022022
01121211120122
01001001100111101100111
01100111100100110101011111101111011110001000111
1210020201010011111002111020010201121020010220
0010111000100000
100110202002222212002201
1102120110
10101000000101100110111001100000001111
1010000111
0212
021120012210101012101102110222100100102101
01001010101
2110100001100102111010101000010
11011100011011110100011111100101100011001000100
1101000100010101000010111000100111100111000110
011100011101110
11100011
11100011101000110000
0010100101010101000101
012012012
101010000001011001101110011
11111100000111001110001111010011011
11001000010010010100100000011101011100110
220121122000
11100000010111100101001111001100100101101
1100111
11111001011010101000100110110010100010101
20122222001000222100021220001
0011000001001111010101100001100110101
00010111000110010000011000
1102002222011002111110112
1111100101101010100010011011001010001010111110
1021010011112212010
01110011011011110101101101000001010011
100000000110111001010101111
121002020101001111100211102001020112102001
00011000111
20200122000022010210
102201211011200000221021102
100001111010111
10221000000201101200021100102022212
101001101
00000001000101011
0100001011101011101011000001101100000011111
20201022
0010000100110100011101000001110010
112101202220221220121000210012201021011
1010011100001111001111100110000010010010101
10010111101000110011111000000111
200111221201110120001011211111022112111220011
002110022000011202212010201000101
0011101000001101001010011011
211201020102201110
11220022202222110020222202110122
00100001001101000111010000
10110202101201112012221212
2022002210121211200210011012020201022001222
1102002222011002111110
012120011111020112
11001000010010
111100111000011001100000011001011011111
00222021112000212120
112222110222122222222020
10221000000201101200
10111010
01100010011
0110010101
212022211020222
0011101000001
222101101011120112101120200211101221
2102011120102200201120010110022021020
0020221121220221110011002112012202
01010010110000011111000001010110001110100111
02120212000000211120111202021222121
0002221221011200122201220021002
1000110001010110000001010
011101111000101010000110100
1011011011000001101000101001100100010101000100101
01112000
2110210211202011200012021202
220020000120
0101001010111010001
000111000011100100110101011
11101001010100011
0001110011111110001001000100011010111011
10022
101102
00000010101110011111101100
1022100000020110120002110
0111000111011100
1222200002222201112211122
200112012222101222002210001020020121121
010010100100100100111011101
1010011101000001111001000001110001110
10011020200222221200220122122002021212001
000220002022020021221211011002020102
200010022112102222220222100120010110011012211021
21212210000002100102
0000001010111001111110110
112101202201212211210
20202100201002202220221021011102
112101202201212211210121112211202
11001000101
00010111000110010000011000000
112101202201212211210121
0101000011001100100001000101011111101
01110111100101001001111001100100
010101100001
11201011210221102001222010121102100201
0012121002
1111001110000110011000000110010110111110101110
100210201112110
00110210002012201120202020012010201101000021102
1012001201020210
1200222212210120212022110202101202200020
1222000111120020102012110222122120022211022
2212011
110010001011011001101110
022201012120211011020
10100010010011001011
0011111101000111011011001000011
00221111202212102012101
111111110001110110010110000001
01001110110001111010100010010111
0121110111
0122001222212
10101000000101100110111001100000
0001100011101011110011010100010101010101110111
10101001101101100001001110
2212210202220120
00100000001111000001111
022100221001011101202111000201020102220111
010000001001010101010011011101111000100
1001011010000111100000101011111100
012210111111202110001202011201001220
1110111001011011010111010010010001000100001
1010011011101000011111
10011020
110200222201100211111
100010101000000010
10111111111000110011110001101000011
00011100001110010011010101110111011110101011
0100010011110100011
2211102120102111111120221
1110001110111101101001110011111
00010010100110011010000011101001
000100100101011011110100011000100111
1001011110100011001111100000011100
001100010101111111110
00022212210112001222012200210020022121
101010000001011001101
01212122200
011110010001010001011101110010101
11001012002121001022202111010202010222202122
0022001011111000111
1010111110110111000011110000111101011011111000100
0011000101011111
0010100011110101220222201110200
10011011111110101001
01111100
012121222001120120011021
0111101010101100
00110011100100111
000010
22102001002220211122101
1110001010101100000011111111111010001110101
1110011110101
11111
21220110201002111
0022200010102102211
11010111010110
10100111110010000101100000011
00101010110
121002020101001111100211102001020112102001022
0111001000101111000011101
110101100101010111110
20011021121222
2000221022022011000120220001
010010100010011000110001011010000000100
1011101001001001100001000111111010011110
110010101000001110110100010111110100110100
10122111000201122220
10010110100001111000001010111111000111010
0012011
011001100010110110101111100010000101010101
1120001
1111011010011111100010100011
00001111001010001011
010100001101010010110001111001001011
1100011110001110000000111111101
101110011011110011111011
11010111100100000101011000111110
21212020110222111202
1101011101011
0011000011011101000111100000001011101
10110110110000011010001010011001000101
11111000111110011011111
0001111011101101010100111011
1220
01010010110000011111000001010110001110
0011110011100111001110000010111000010100111001101
11010001000101010000101110001001
01001010001001100011000101101000000010
0100110101001010101011010000101010100011011111011
011000000101000001011111110010100011100
11010010110010111100100000100
1001101011110011110100100010111101011111
0100010001011
011011010110101100100101000001110001
001102100020122011202020200120
200112112202200001011200210001
101000001100010
222122011112200012002100001211110202112021011
021002
002220001010210221120001101210
021110021020221010002020011110210202011000
00101111001101010000110111100010111110101100100
0110001101
0101001010111110001001100100100001100001001000111
022100221001011101202111000201
0111110110110
110110011101001011100000100110110
00022212210112001
01221011111120211000120201120100122002220222022
00111100111001110011100000101110
212122102
02110201022122122111202122121121022100102210010
02202201
10110111111111000010
1010100110110110000
1022
11001000101101100110111001001110
1001101111111010100100011101010111010011010
1001011001011001010111000000111000011110011
21021200000001
11101111011111100001000011001000011000100111011
11120101222102202001
0101000101101011111110101101011101
1111010110012010002211022210122
0000202200201010222222210
010011100101010111111
0122120001122100010111001101110212011200
11110110000111110000010100
110001111000111000000011111110111011
122221112201
1111011000011111000001010
00000001111001111011010100010
101011101111001111110110001111110010101101010
11001012002121001022
01111010101011
01100101010001111001111110100000010001100001001
022201012120211011020120002210
21102102112
11010111101110101110100010010110010000001
01001000101001
122220
1000212210
011111010100100110001101
110010101000001110110100010111110
021110021020221010002020011110210202011
111000101
21110
011000100100100
0110001011101110011101100001001110100000111110001
21220110
100000001111
10122121221120222100202222002
1012001
110122211110
020221022222112012221001022212101002021102102010
0111000111011100010111100110010110101
0122101111112021100012020112010012200
000101110001
000220002022020021221211011002020102110200112202
02220101212021101102
101110000100010001010000011001110
1111111111011010110101
0110111
21101000011001021110101010000100100120
0212021200000021112
0111111011100000111010101101
012200122221210211210222201100120011212
01220012222121021121022220
110101111011001001101110101
01010101011001010010111000001
020000012
012200122221210211210222201100120011212121
001000000011110
11101100011000011100000110101100100111101
00111011110100011100010110111000001111
101000110101011010000011011010100111100001101111
2221011010111201121011202002111012210010122222
00110000110111010001111000000010111011111110101
01011110000
2211100211200002101
1220111002102
2020210020100220222022102101
221
1111110000011100111000111101
001010100110
1010011000100010010100010000100111
20101212000
001101101000110111100010011000100110101010100
200022102202201100012022000101102
01001101010010101010110100001010101000110111
010010100001101111100110000101001110111010
012210111
202200221012121120
11111011010011101010
1010000111101101110010011100000010010000
01001101010111011110010010100100001110101
00101001101010110110111
0000001010111001111
020221022222
001010001010101011001100110100
2220210211010110221
102201211011200000221021102121102010221120
000011101001001010010101110001000001100101
0000000010111010010000111
02212002121
120220002
0111101000011010010101111100011110100010101111111
01101110
1010010100100101100000011101011101001000100001110
00110111110000000111000100110
111010010000000101010001110101010111101011
0100101000011011111001100001010011101110100
20220022101212112
2012222200100022210002122000102220020121001210
000101111010010010100111100011010011011100
00111110100100101011001110000100011111001001111
001001000010101000
01100001101101011010000000100111011000111000101
00010000110101110101001111001010001001
00111110000
0111001000101111000011101001110010
00101110001
1101010001010100101
11110111101
1100110000101111111110001101101010011110010000000
00101000101010
010100010110101111111010110101110100
11000111
110101111001000001010110001111100
202121110102
0020221121220221110011002112012202121102122
112101202201212211210121112211
1000000100010000011000000110011110010111101
1011100010010101001010011011110101110100010001011
0100121220
2012110120101210221111200210122
1010011011010101010010010000110111000
010000010111110001101011100100101101001101
10001011010011111110100000
2001120122221012220022100010200201211212012210
00220010
120022221221012021202211020
10101001001010001100010
0000000000010011000001010
1110100001010001001000100011001100111100
0000111100101000101100111100
1012212122112022210020222200210010012210
112101202201
1112
1000000001101110010101
2001112212011101200010112111110221121
01202021101201122000212100202021200001021
2011011220202102201122201120102121120
12220001111200
010002111011211122
0011010101100000101101000011110000001001100
02210022100101110120
00000110100111101011011010101101000
10110101010111011000100101001110111001
021102010221221221112021
1010100000010110011011100110000000111100000
110200222201100211111011200102022111210100222
1010011111001000010110000001101111
00101100011010100110100001100101111
00110210002012201120202020012
01101001000011110011110101011100111001
1011101001001001100001000111
00222012201221110222
11002011112222212110101220202
1111001110000110011000000110
10212122220010021101
01111100111101101000100
1200222212210120212
0011010111111101101011100010000010110111101
201222220010002221000212200010222002012100121
1202111010
1220110112220010221220
1000010001011011001000010110101010101011011101111
00222012
1011020210120111201222121221122111220111100210110
1100110010000101010100010111100100100100101011000
10000111101011110010000110010111001111
0000010
0010100000010101000010010001100100001101
011001020121
001100010111111010101010
010111000001
011111001111
010111000001000101101
012210111111202110001202011201001220022
021102010221221221112021221211210
00111010000011010010100110111011011111110110
10000001010110110001010
1101000101
12222000
021202120000002111201112020212221210200221211001
00110001011111101010101
20221001001
11001100100001010101
122
0022202111200021212
100110202002222212002201221220020212
00022212
012020211
0101221112010102211202122001201000001211211211
0000202200201010222222210201021020211021012101
001010101100100111
110100010001010100001011100010011110011100011
1110100011010100101001010001101100001010011010
10001011010011111110100
00220010111110001110
10100100001111101101100110101100
0222010121202110
11011100110000001011011001111010110010111110
0010110001101010011010000110010111111111111
00202211212202211
0000001111010101010110110010101111100101111010
0111111001100011110001111011010110010111
101110100
1110100001010001001000100
01110001110111000101111001100101101010
21222
112200222022221100202222021101
202200221012121120021001101202020
0111101010110100111000101111011101
002220001010210221120001101210001020110221102201
012121222
100000001011001100010000101
220220121221200200
2002212000
00010000110101
11020022220110021
2020210020100220222022102101110221101211202111
10200201112021200110
110000111000010101011010101110100110111
011000000010001010110011
010010101011011001100010101101110100001110
201222220010002221000
2202011100
2121202011022211120222111220202102222102011202120
00222021112000212120211122000211222221000121
1111101011111100000000100
1101011110110
011011100
02112001221010101210110211022210010010
100110101
20011122
0001101000111101011010111001011110101110011100111
20110112202021022011222011
01200222112211220
01100100100101010100110010110
00001010111
212120201102221112022211122020210222210201120212
02222100211121
0022202111200
1011101010011010011101100011010
1101010001010100101000
1120101121022110200122201012
0100
1010011100001111001111100110000010010010101010111
101001111100100001011000000110111111001111011
100011101
10111100
1011101010011010011101100011010101111110001
2001121122022000010112002100011021
10100111
00010010110110110110111
1001111101011101111001011010010001001
1111111100011101100101100000011011011111
0202210222221120122210010222121010
1210020201
1110001010
01122102
0110110111111110101010110
1111101010111000111010101010
11110001111001001000111010110000001110100111110
110110111021020001
111101100001111100000101001111111101111
00222000101021022112000110
10101111100000101001011001110011
001110100000110100101
00110011100100111110011
00000010101110
2122011020100211101110111021112102012011201
0011011111000000011100010011001011000001
1011011111001101110100010000001010
0001101000111101011010111001011110101
0221002210010111012
1101100011111000110101
122220000222220111221112221021011
0122101111112021100012
0001011100011001000001100
01100000001100110011000100100111
101200120102021021211111110110012112102220111001
1000111010
101201
21202221102022211121100211211210202012010012021
21212020110222111202221112202021022
00001110100100101001010111000100
110200222201100211111011200
1100001101111110110011001000000011111001
1120001200211211112111101010
0011210100020001
22220002101210020
20011211220220000101120021000110211201
10110101010111
0210102112022020222121222001111202221
1121102111111010011
111101111110111111101100100100100000111
101221212211202221002022220021001001221011002
02022102222211201222100102221
001111100
1111011110101011110100101000011001011001110
111011110111111000010000110010
11011010001100101000
11111100101111101
11201
0100111001100110100010010101110010100011111100101
0022201220122111022222
1100011022212111002022001000120220120210122
200022102202
1002021000212200
202021002010022022202210210111022110121
11201011210221102001222010121102
11110001111001001000111
021020
0021220022222
1001100001100011111011110000010110
0111101011010001111111000000000100010000
02212121022201210202
021110
1222000111120020102012
002110022000011202212010201000101211
200112012222101222002210001
100011011100010010010001000111100111100011000100
000000001011101
10101000000101100110111001100
2120222110
110010001011011001101110010011100101101110011
01100000001100110011000100
02111
010000011111111110100000111111010110110101
22111021201021111111202210102020212120020001
011111010100100110001101111001
11011010001111001100011100111011111101001110101
2021220
0022200010102102211200011
100010101110110101100000011011001101100010001
0011110100010101011101101100000011001010000110
11210120220121221121012111221120222
0001100010101011010100001100001100000
11111000011111001101011101
00101000101001
222121021120101111
121002222121122111021101
10010110010110010101110000001
112011100211222000101221000002112211021
0022001011111000111020111020122020101
000111010001
00022000202202002122121101100202010211020
200112012222101222002210001020020121
100111010100001111011011111
11100110011111111101011011110
0210200
1001000011100110001011000010001000010
02120212000000211120
000110001010101101010000110000110
11001012002121001022202
110010120021210010222021110102020102222021
10011101010000111101101
2022002210121211200210011012020201022001222112
220220121221200200022111022011211102011112120012
1010111
002102
001010000001010100001001000110010000110110010011
1110110110011
11001100001011111111100011011010100111100100
012020
1101011100110010100110100
002211112022121020121011100002
2001121122022000010112
00010101010110001011101011
12101
11000110001011101
021120012210101012101102110222100100102101021212
110011110110000100001000010001111000010011111
01000010011111100110001101000010111010110010
221212210211
1000000001101110010101011111101101101101111
01221011111120211000120201120100122002220222
20011211220220000101120
10000001000100000110
02220101212
112101202220221220121000210012
100010110100111111101
0011021
01010000110011001000010001
2200200001200120221110112020100022201212012202
20212201221011011222
22102001002220211122101202
01010001011010111111101011010111010
111100011110010010001110
0000011010011110101101101
0100101000100110001100010110100000001000
010201001200011
212120201102221112022211122020210
20121101201012102211112
01110001110111000
00011100111111100010010001000110101
010001110101011100101010011111001111
00011111
11001012002121001
012200122221210211210
0100101000100110001100010110100000001000010100101
1011101001001001100
101001010010010110000001110101110100100
110100010110010011
0120202110120112200021210020202120000
0101221112010102211202122001
001100010101
12202012200100
111110001111
0001011001110010001011110110001100010101100001
01000110010000100
001011100010
101000100100110010110001011001011001111111101010
00101110001101011111011101010
1100111010011100110000111100110100101000001
10100110110101010100100100001101110
110011101001110011000011110011010010100000111011
011000110110101111101
010011101100011110101000100101111000100011
001010010101010100010101111110000001010110101
110010120021
1110100001010001001000100011001100111100100111
001010101100100111011011
1010011010
22102001002220211122101202122220201
020111121
010102001
0111101010100110
1100110100111010
1000110110100010000110000
001011100011010111110111010100101000010001101101
010101011
002101001
1111110000011100111000111101001101111011
001100111001001111100110100000111010001000101
00022212210112001222012200210020022
220022122
0100111001010101111110000101111110000001000110110
00000110100111101011011010101101
12201102
0100110101011101
2012222200100022210002122000102220020121001210022
10011101
2000100221121022222202221001200101100
1000111110011011100110
001101000122002021
112000120021121111
20202100201002202220221021011102211
01110111100101
12121100100121122102
111110010110101010001001
00221111202212
20022120001222122022011002
110101101011101001100110111100111
11010111100100000101011000111110000101100110111
0111011110001010100001101000
11202101010
111111110110110100111001
222122011
22022012122120020002211102201
011010010000111100111101010111001110010101101
11101110111
00100
0101000011010
00222021112000212120211122000211222221
001000110000011011001001011110101110
00000000101110100100001110
220001
11010111101100100110111010111001010101101
11111111011011010
01212122200112012001102102002000
2221011010111
210201112010220020112
211101222100
001111110100011
00002022002010102222222102010210202110210121010
00000110100111101011011010
111110101011
020221022222112012221001022212101
01110001110111
00212200222
01010000110101001011000
0000000010111010
021002101021002122
021201201022
2202011100112211
01111010101011001111011001111011011001101100110
112000120021121111211110101002101202122111
0101110000010001011011011010
110010120021210010222021110102020
1100201111222221211010122
2210200220022120102
011100100010111100001110100111001001110000001
02202122002
222210000
110111110010000111010100
222101101011120112101120200211101221001012
00011011010
01101101111001000001010110
0022201220122111022222200212220202110111
122011011222001022122021011112100002
101200120102021021211111110110012112102
0100000010010101
0111110101001001100011011110011111
002122002222202211110201101100102110221
100010000011101100010111100010
220020000120012022111011
121002020101001111100211102001020
201222220
2202011100112
20010200211
11101000100101100111110010001011
0100111011000111101010001001011110001000110101101
100110111111101010010001110101011101001101
100111001
01020100120001121002221201202101002022220111
11010111101100
00110110110111001101111000110111000001111001
201120211100002
011110111101010101101100101101001001111001111100
01111011110101010110110010110100100111100111110
01001010001001100011000101101000000010000
100110011100100000101011011101111010001000000001
0102010012000112100222120120210100202222011110210
22022012122120020
100111010111110011100101011100011110111
122022112202
11110101100120100022110222101220202
100000110101110111000011011100011
1101111100100001110101001001110
0001100011001001011111101
10101011100101001
01010000110101001011000111100
100100111000100011111110
101011111011011100001
000101001001111010000000101000011000011010101
011101111001010
00222021112
1000101101001111111010000
021120012
11210120220121221
1011011111111100001010000011100111011001110000
002220211120
111101101001111110001010001100110111100110
1111100011111001101111100101100000010011101
1001001110001000111
0021220022222022
11110101100120100022110222101220
010100001101
01111101010010011000110111100111110101101
1111011111101111111011001001001000001111111101101
01221011111120211000120
01221200011221000101110011
101110110111011001011110100101111000111
0111101201122202
11110101100120100022110
1101110001001000011010011011111101000010100110101
01011010111001010
010111100010101000011100011100111100101111101
01212122200112012001
0010110101100010101011011
00221111202212102012101110000202102012
201211012010121022111120
00001111101010000011
00000000010010101101111
01011010011101111111011011111011010101111
02122222211
1111010011110010101010010111001001011
110011001000010101010
100101101001010100010
122020122001000102001200010201211021120112
00101000111101012202222011102
1102002222011002111110112001020221112101002
1011011
01000111010101110010101001
110100101100101111001000001000
1110001110100011
1110000101001101100101011
111101001111
001111101001001010110011100001000111110010
001100010101111111110110101
1111001010011010
12201101122
01000100010110101011111100011011
101101110011101010110101001001010000010101
10011011111110101001000
12100222212112211102110102212112120100212
2002212000122212202201100220121101
211010
001011110011010100001101111000101111101011001
10100011111011
0122001222212102112102222011001200112121210000
10010111101000110
10100100001111101
1011020210120111201222121221122
102210000002011012000211001020222120
22010011010201101
11010111101110101110100010010
011111
01101101
00101000111101012202222011102001221222
00110101011000001011010000111
12002120110122222022
010100001100110010000100010
2210200100222021112210120212222020120101
11200012002112
0111111011100000111010101101101101010100101
020022000221222
10122121221120222100
12220001111200201020121102
0022200010102102211200011012100010201
1101111100100001110101
001000011110
2021220122101101122220201112012
00111110
001110111101000111000101101110
12222000022222011122111222102101121110000201
202222202221020
011010010000111100111101010111001110010
110011001101000110010001001110110001
01010000110101001011
101001110100000111100100000111000111
1011101010011010011101
1102002222011002111110112001020221112
110011000001100101010001100101011110001010111111
22210110
00110110110111001101111000110111000001
0210021010210021221122102112010100202021022110
1212112221100100211
1111101101001110101001101011010110
111111111101101011010100101010001000000110110
02110201022122122111202122121121022100102
012210111111202110001202011
1001011110100011001111100000011100101101
11111001110011100100011111
012110111220212220
1011020
1100201111222221211010122020221020100222
0101010110111110011110110110100111010111101100
10221000000201101200021100102022212021110000120
1101010001010100111000001101100101010011010001
10100110110101010100100100001101110000
001010000000110011110010
1010011011101000011111100101110100001110001011
11001100000110010101
021120012210101012
111201012221022020010101012212102010001222012
1001101101110111001001011001111101101101
1001021
120020211000000
20002210220220110
200111221201110120001011211
111010001110000001111011111100
1101011110110010011011101011100101
001010001010010
10000101011001111001100011101100001000111011111
101102021012011120122212122112211122011110021011
00222000101021022112000110121000
101111
101010011011011000
0010010000101010
021102122200
1220110112220010221220210111121000020
0101011000010110000101111111101
00010010010101
1101111000100110101001011001011
201010112221112101021022201110120022010000011
20121101201012102211112002101
01111011110101010110
10101001100111011101010011000111110001
1102002222011002111110112001020221
011011011110010000010101100011110
111001100111111100111010001
2001120122221012220022100010
01011100000100
111010010000000101010001110101
1111000111100100
01001101010
20122222001000222100021220001022200201210
001110101101111110001
100211
0001110100010000100000111000010100011
0001010111001000001101111101011001
01001001010010
1000011110101111001000011
00001111001010001011001111
11111111011011010011100101100001001
012210111111202110001202011201001220022202
101110011011110011111011110110
000000010110101011010011011101100101
1111100111001110010001111111000000011101101
2012
11200012002112111121111010100
10001010111011010
00111110000011020202
011110101010110011110110011110110110011
02110201022122122
11001100100001010101000
2001121122022000010112002100011021120110100101
11101000111000000111101111110
1111101011111100000000100100011010
21102102112020112000120212022101022
2221220111122000120021000
02021
111010001001011001111100100010110
1100110011010001100100010011
01110111100010101000011010001010001001001010101
22112012011
110011001100001101010111111110000110111110010111
110010101
0022001
10001100101
201222220010002221
111010010101000110010101011001011
02212010211122002200
01000010011001100110000101101010110000001010
101000011111100000011101100110010100001010101000
00000101101110010110010111110100100001001000101
0221002210010111012021110002010
0212021200000021112011120202122212102002
1012212
112222110222122222222020012202021211222
20122222001000222100021220001022200201210012100
021011
0111111011100000111010
1220110112220010221
102210000002011012000
111101001111001010101
011001111001001101010111111011110
1010001001001100101100010110010110011111111010100
01001110010101011111100
0122
110101111011001001101
1210010120001
2000010200
1022020222
12100202010100111
2112200102120202111110220121122201011
111101111010101111010010100001100101
11110110100111111000101000110
1100101010000011101101000101111101001101001100110
222101101011120112101
21122001021202021111102
1111100011111001101
202021002
000000101011100
11101000010100010010001000110011001111001001110
21020111201022002011200
11120101222102202001010101221
22212201111220001200210000
211201222211
010011010100
0011111
001111110100011101101
000010010110011000011001011000110
00010010110110110110111110101011011
011000110101101110000110001101111100010001
10101000000101100110111001100000001111000
11210120220121221121012111221120222121221100222
100011111001101
20011201222210122
00110210002012201
2121201
11002011112222212110101220
2011011220202102201122
010122111201010221120212200120100000121121121122
0011111000001102020222100221010200210
0101111110100110011111011101011111110000111000
1001101111111010100100
0001110100010000100000111000010100011000000
1111010110012010002211022210122020220000111212011
0111011110001010100001101
1111001110000110011000000110010110111110
01010111
000001011011100101100
0111101011010001111111000000000100010
21220110201002111011101110211121020
010110101101001011110010101110
000020220020101022222221020102102
00011100001110010011
01220
202122012210110112222020
2022002210121211200
010122111
20121101201012102211112002101220
0110011110010011010101111110111101111
200022102202201100012022000101102222122010
22212202000
0010100110111000001011011011100110
1101101110010011111
10010011100010001111111
010010100100100100111011101000110100001
202200210002020
100110011100100000101011011
1101100111010010111000001001101100
111000111010001100001000011011111001000001011
20212201221011011222202011120120112111010112
01110011011011
11001111000000011011001011100111100101100
01220012222121021121022
00010010010101101111010001100
0121212220011201200110210
00212200222220
01220012222121021121022220110012001121212100
0000202200201
0122001222212102112102222
0110010010010101010011001011000
2110210211202011
01011111101001100111110111010111111
210201112010220020
1000110111000100100100010001111001111000110001
1110011001111111110101101111010101010
02210022100101110120211
1010011111001000010110000001101111110011
112101202201212211210121112211202221212211002220
121002222121122
201222
10100100001111101101100110101100000
001110100000110100101001101110110111111101100
10220
012020211012011220002121002020212
01001022210021122
10000000011011100101010111111011
0100010011110111
10100011010101101000001101101010011110000110
2012222200100022210002122000102220020121
1010011111001100
11110010111001001110100011100001011100010
010100101001
01111110111000001110101011011011010
10011111010111011110010110100100010010
1010001001001100101100
10000000101100110001000010111011
21210011200120
110000202002001
010111000001000
0101001010010
2102
001010010101
101001010010010110000001110101
100101000001100
1101100011111
0100011101
021102010221221
11200012002
101200120102021021211111110110012112102220
202021002010022022202210210111022110121120211100
10122212201202101001
0100011111011010011101
001010001001001011110010110101101000011010101
2001112212011101200010112111110221121112
01202021101201
10112022211
1010011011010101010010010000110111
012200
21101
0001110100010000
201211012010121022111120021012200
0100011101110000110
0100101010110110011000101011011101000011100000
10011101010000111
211021021120
01001010000110111110011000010100111011101
011110101101000111111100000000010001000011001001
101110101001101001110110001101
1100110010000101010100010111100100100100101011
21212020110222111202221112202021
101110110111011001011110100
011110111101010101101100101
11201011210221102001222
1111001101011111010
2122011
0100101010110110011000101011011101000011100
22111021201021111111202210
00111110100100101011001110000100011111001
201211012010121022111120021012200222102022111
00111100111001110011100
00101100011010100110
1111010110012010002211022
11001111010000101100011111011
101000100100110010110
0101000101101011111110101101011101000
101110110111
111101011001201000221102221012202022000011
10100010000010010
0101000011010100101100011110010010110
0010101011001001110
0022001011111000111020111020122
001100001101
00101100011010100110100001100101111111111110
1222000111120020102012110222122120022
2000221022022011000
101101010101110
222121122020122111
0011110011100111001110000010111
1222212120020
00101010011010010011
112101202201212211210121112
011100000001010010110110100101111111011
00222000101021022112000110121
011110101010110
1100201
10101110111100111111011
1000110000101010010011111000100000110100111101
21210000110001
111101001111001010101001011100100101100001111
20212201221011011222202011120120
110001100010111010
1011110011100010
01100000001000101011001100001010011
002122002222202211110201101100102110221200222
1101011110010000010
11001000101101100110111
20001202211201111
20201
0010100000010101000010010001100100001101100100110
110010111100010000001101011
1210122
011000110110101111101001111001111
0202210222221120
110200222201
20112201
021202120000002111201112020212
1122221102221222222220200122020212112222112101
100011101000
112200222022221
00100001111
02022102
00110110110111110011011000100011011001101000101
01110000000001001110101001111110100001101010010
121002020101001111100211102001020112
111101111010101111010010100
1011100010
111001100111111100111010001010001101
0011010101001001100000110101001
1101001011001011110010000010
2102021110010101
1222000111120020102012110222122120022211
01012211120101022112
010001110101011100101010011111
1111110000011100111000111101001101111011010111
0211200122101
00110210002012201120202020012010201
00110000110111010001111000000010111011111
1101110001101111010001111110010110
102201211011200000221021102121102010
20202121022211101010
000111000011
100100001110011000101100001000100001
0000202200201010222222210201021020
1110100011100000011110111111001100110
200112112202200001
1000110000101010010011
2200200001200120221110112020100022201212012
0100011000100111001001110111010011
101000001011
101000111
001010011010101101101110011101
1001101101110111001001011001111101
01010101101111100111101101
201222022110011
01010101101111100111
201222220010002221000212200010222002012100
110011110110000100
0100111011000111
0210021010210021221122102112010100202021022110121
002110022000011202212010201000101211220220
1101111000100110101001011001011010110101111
1220201220010001020012000102012110211201121201121
111000111011110110100111001111101000000011011111
01212122200112012001102102002000200020110012021
2121202011022211120222
10221000000201
0100011000001101110001
0022202111200021212021112200021122222100012101111
222201
2012110120101210221111200210122002221020221110
000222122101
0111000000010101110111110
000100001101011101010011110010100010010
2001121122022000010
11000110222121110020220010001202201202101220
0011021000201220112020202001201020110100002
2202201212212002000
1110011111111010011111001001100000011110000010
1011111111
2012222200
01001010101101100110001010110111
1010000111101101110010011100000010010000010010110
0010100110101011011011100111011001011
1010010000111110110110011010110000
000111001111111000100100010001101011101100011011
12100202010100111110021110200102
221020010022202111221012021222202012010110222221
100001111
11100000010111100101001111001100100
010201001200011210022212
001100111001001111100110100000111
0101001010010001110100011111100011011010001
0010111000110101111101110101
101000111110111001010101001000000001000111010001
2220111002002022
0100111001010101111110
101010010010
001011000110101001101000011001
112010
01001010000000010101011100
01011111101001100111110111010111111100001110
0111011001111100000110100011000011101011
022100221001011
01111010101011001111011001111011
201101122020210220112220112010212
010201001
11001100001011111111100011011010100111100100000
001201102000202211012120021121122
2012110120101210221111200
1001011010010101000100111001
1000101101001111111010
00202211212
00011112202110210002
001111010001010101110110110000001100101000011
1000001001100011111110011
110010120021210010
01101101111111101010101100111011110101110100
100100001110011000101
0010100000001100111100100
121200011102222
220020000120012022111011202
10220121
11020022220110021111101120
0100010001100110011001
2221011
1121012022202212201210002100122010210110
2102011120102200201120010110022021020001120
111110110100111010100
0001101101010011010001001011110111010010100100111
01110111100010101000011010
1011101101110110010111101
1111010
001001000010101
0011011010
1200222212210120212022
1111111111011010110101001010100010000001101100
00000101101110010110
120110
02111002102022101000202001111021020
100111110101110111
000222122101120012220122002100200
2021220122101101122220201112012011211101
00000101111100010111101011100101
22020111001122112121011
00110001011111101010101000
10101000000101100110111001100000001111000000
2020210020
00111110100100101011001110000100011
01101101001101000111110
0001110011
00211002200001120221201020100010121122022
1011110
101001101011000110
101101111111110000101000001110011101100111
100011011100010010010001000111
1000110000101
10000011010111011100001101
1200222212210120212022110202101
011110101010110011110
1022100000020110120
211212
1111010110012010002
11110011100001100
11010111100100000101011000111110000
2110010022
110111001100000010110110011110101100101111101111
0012011020002022110121200211
0101111110100110011111011101011111110000111
222021
0010110001101010011010000110010
10000000111100101101
01
1010100110
01110110011111000001101
01211
00221
2200200001200120221
0011000101111110101010100011111111
011110101010110011110110011110110
2002212000122212202201100220121101010001211002
1122002220222211002022220211012200
00120110200020221101212002112112222
0100000
10100010011
11100011101111011010011100111110100000001101
10011020200222221200220122
100101111010001100
0111000000000100111010100111111010000110101001
00120110200020
1121012022012122112101211122112022212122
12002
1001001110001000111111100
0100011101110000110000100100101000100001000110
0101000101101011111110101101011101000111110100101
2122101
11101001010100011001010101
0111110101001001
011011100011101
20121101201012102211
000000000100101011
11120101222
10100110101100011000
10101001100
100211200212221
001101010110000010110
100111010111110011100101011100011110111011010010
200102
20001002211210222222022210012001011001101221
0111011110010100100111
0001001001010110111101000110
0010101011
1111011111101111111
002110022000011202212010201000101211220
2221220111122000120021
002210
212
101000011101010110101011101001100
1100111101000010110001111101110110111010001
2121202011022211120222111220202102222
201101122020210220112220112010212112
011011010101101010101000100101011010101001
101111111110001100111100011010000111111
0211100
0000000001001010110111111111100110110100111011
01212122200112
02110201022122122111202122121121022
2201121
001101101101110011011110001101110000011110010
11000011100001010101
0110110100
11102011002
101001100010001001010001
010000100111111001100011010000101110101100100
122020122001
1110001110111
0111110001110101111000011101
021202120000002111201112020212221210
11110000111011100100101
0101011000010
22212201111220001200210000121
11220020021012111
2120
10001100001010
111201012
011000000011001100110001001001111110100
102002102122112
101010100110010010000100
0111011001111
112011100211222000
21102102112020112000120212022101022201212
0100110101
001111001110011100111
002220211120002121202111220002112222210001210
0111101010110100111000101111011101011011
10000000111100101101000000001010011
110011000010111111111000110110101001
102210000002011012000211
110011000001100101010
101111000110101100111
02022102222211201222100
1001111101011101111001011
001011000110101001101000011001011111111
11002011112222212110101
110011010011101010000111
0001220
1222000111120020102012110222122120
200112012222101222002
1111010110012010002211
212022211020222111211002112112102
101010011
11210120220121221121
202122012210110
11100010101000111
000000000100101011011111111110011
0100101001001001001110111010001101000010
110101111001000001
01111000110110010000010111000100111
122200011112
200221200
1001011010101010111110101110001100100010
1010001101010110100000110110101001111000011
11110011100001100110000001100101101
001000011110111011110000010100100110
11111111110110101101010010101000100
01000110010000100110110
0212112201022121212
001
110110011101001011100000100
222121201
10020011212012211
101100001000111100111101110011
2202201212212002
2102011120102200201120
0011101111010001110001011011100
200112012222101
101000011111100000011101100110010100001010101
01101011100110000111011
000110010101100111010011101101110100101
1100110000101111111110001101101010011110010
01111110000010010111110
111101100001111100000101001111
1110001110100011000
11101101110000000110100010010
1001101111111010100100011101010111010011010100111
01101011100110000111011011010011100101
0111101010101100111101100111101101100110
02022102222211201222100102221210100
20002220001010101122
0012011020002022110121200211211222221222202201
1011020210120111201
10111000010001000101000001
0111011111111010111110100010111000100011010011010
2021220122101101122220201112012011211101011222
0000010111110001011
211011121120220112
100101101010101011111010111000110010001
00212200222220221111020110
100111000111001111101010001011
011110101000001101110000011000111100000011101
1120111002
11010100010101001110000011011001010100110100010
1110001110111101101
010111111010011001111101110101111111000011100
001111100000110202022210022101020021
0102101
111101100001111100000101
00101010101
0222010121202110110201200022102012220220012
1120111002112
0000001111010
110100010001
02022102222211201222100102221210100202110210201
0001100011101011110011010100010101
012212000112210001011100110111021201120
0022201220122111022222200212220202110111022022
101101100101010000100101001001001110000110010101
000100100101011011110100011000
2121212102012
20022120
0100100110011110110011111101
001110111101000111000101101110000011110
002200101111100011102011
112010112
00011000110010010111
110101111001000001010110001
1210022221211221110211010221211212010021200001111
00101001010101010001010111111000000101011010100
101001100010
010010101011011001100010101101110100001110000
1120111002112220
00101000000011001
1001110001110011111010100010110
0001010111
0110110100110100011111
00211002200001120221
01000010011111100110001101000010111010110010000
000111011
10110110
0020221121220221110011002112012
010100101100000111110000010101100011101001110
220220121221200200022111022011211102
1001111010111
1111011000011111000001010011111111011110
0100101000100110001100010110100000001
0101000011010100101100
011110000000111011001111
01110010001011110000111010
010101011011111001111011011010011101011110110
11110011100001100110000001100
10101111101101110000111100001
20102112
11111010111
2110100
11101100
2210011010222211210
112010112102211020012
20202100201002202220221021011102211012112021110
0000001010111
110100101100101111001000001
02110201022122122111202122121121
00011101000100
221110212010
0011111000001102020222100221010200210110110
01011111200210200
1012100121
1122002220222211002022220211012200100100201102
10122121221120222100202
0110010110111111010001
101001000011111011011001101011000001111
01022
21101000011001021110
122011011222001022122021011112100002011011
1010011000100010010100010000
00011110111011010101001110110111001
01111001100010000011110011010110001
1001011001011001010111000000111000011
0110110111100100000101011000111100100101110111
12201101122200102212202101
010111100000100010101111011011001
001001110100101110111110100011
20001002211210222222022210012001011
1100110010000101010100
0110000000110011001100010010011111101
0101111
110110100011001010
2211102120102111111120221010202021
0110110101011010101010001
10010110100101010001001110010110100001
11011100011011110100011111
1120111002112220001012
00220010111110001110201110201220
11110010
0022111120221210201
1210020201010011111002111020010201121020010
012020211012011220002121002020212000010211202102
10100100011101100010110010010001001000101
102201211011200000221021102121
11222211022212
212120201102221112022211122020210222210201
02002121100121
12101100011001
10221000000201101200021100
11000110222121110020220010001202201202101
0011021000
100000010001000001100
1000011100010
001011010110001010101000001011000111111101
00101001010101010001010111111000000101
010010011001111011001111110110000001100001101011
200111221201
110111
11100011101000110
111010001101010010100101000110110000101001101
12002222122101202120221102
1010010000111110110110011010110
10000000010001010111100101111
01101011
01010001011010111111101011010111010001111
000000001011101001000011101001010011010010001
111100101110010011101000111000010111000101111
0202202201020020011
00222012201221110222222002122202021
110110011101001011100000100110110010011000100
12002222122101202120
120022221221
1001010000011000000
0221
100000000100010101111001011110101110111100000
0111000000010100
210010122011220110
1111010011110010101010010111
22202022112221
010211220200011
011110101010110011110110011
212022
0001100011001001011111101001101100100100011
0010102211001
101110100100100110
010001000101101010111111
111011011001111010010000011001001111001110011
01202
122011011
101010000001011001101110011000000
1101011
212211211000
0122001222212102112102222011001200112121210
1
21101000011001021110101010000100
1100100010110000100001100100110011001111010101
1111011000011111000001010011111111
022201012120
0012011020002022
002122002
112000120021121111211110101
011101111111101011111010001011
10000110111000111
01011111101001100111110111010111111100001110000
1012212122112022210
1010101001
1200222
02022102222211201222100102221210100202
0021220022222022111102011011001021102212002221111
011101111001010010011110011001
101010111001010010
1111000111100100100011101011000000111010011111
22202010
01010101101111100111101101101001110101111011
00212
20220022101212112002100110120202
001111101001001010110011
00022212210112001222012200210020
1212220212102120
10010111
112202100
101111001110001
20001002211
10101111100000101
0002221221011200122
020221022222112012221001022212101002021102
1012001201020210212111
0102010012000112100222120
111010100110110010010101100111
01100000010100000101111111001010001110
2110100001100102111010101000010010012
2200200001200
001010011010101101
0120202110120112200021210020202120000102112021020
02110201022122122111202122121
10111000100
000220002022020021221211011002020102110200112
111010001110000001111011111100110011
10000111000101111
0200200102020
10000011010111011100001101110001110111000010111
200022102
01001010101101100110001010110111010000111
01111010101011001111
220011111
1121
11010111101100100110111010111001010101101110101
1100110000101111111110001101101010011110010000
0000100
1010011010110001100
10101010011001001000010000111011100110010101100
1202001020220112010
010010100100100100111011101000
01001001010001
01111010110100011111110000000001000100
011011011111111010
01011001100100010101
200112012222101222002210001020020
1210022221
00101011001
2200011102102221
20212201221011011222202011120120112111010
000122102000001
0011111000
00111110100100101
0011011011011100110111100011011100000111100100
11111001011010101000100110110010100010101111100
202212212001101
020221022222112
011201022211
100110101111001111010010001011110101
10111010010010011000010001111110100
1022100000020110120002110010202221202111000012
11011110001001101010010110010110101101
10001100010101100000010100
20001002
21121110
1000000101011011000101
0022111120221210201210111000020
002220112021202121
0001101000111101011010111001011110101110011
1220201220010
011111110100001101001011101110111
021010211202202022212
200221200012221
110111110010000111010100100111
021002101021002122112
101111000110101100111110000000110
010110011
2211102
112000120021121111211110101002101202
011010111001100001110110110100111001010001111
00120110200020221101212
1110000000111101011100111100110100001101
01101001000011110011110101011100
02210021012002
01001001000111111011011001011001
00222012201221110222222002
010011100101010111111000010111111000000100
0100011000100111001001110111010011100001011
00202211212202211100110021120122021211021
101110110111011001011110100101111000111100111
01000001011111000110
0000202200201010222222210201021020211
211010000110010211101010100001001001201201
01110010001011110000111010011100100
01000100011001
0010110101100010101
00111110000011020202221002210102002101101100
011110101101000111111100000000010001000
01000111011100001100001001001010001000010001100
11011100
202021002010022022202210
200112012
00211002200001
00002022002010
0211100210202210100020200111102102020110
122002112121020
0100000111111001011010111101100
00011000111101101101001011100000010011011010
0211020102
00122
22111021201
01001010010011100000111000111011011
11201110021122200010122100000211221
010100010110
110011000010111111111000110110101001111001000000
1011000010001111001111011100110000010100011
200202110121121100
00011101100001010111000101011010101
2210200100222021
021010010
20110112202021022011
010122111201010221120
111110101111110000000010
000000101011100111111011
01111100111101101000100010101011001101
00000101101110010110010111110100100
01000000100101010101001101110111100010011101
1100101200212100102220211101
0000111100101000101100
0001100101011001110
0100001001111110011000110100001011101011001
010001110111000011000010010010100
101110001
111010001110000001111011
11101000111000000111101111110011001101111
00222021112000
1200122222010010100
2120222110202
1111111101101000100101011101101101011001
200112012222101222002210001020020121121201221
00011000101010
00110101010
211220010
2212222
211010000110010211101010100001
0202210222221120122210
1001011110100011001111
0012110202
00101000100100101111
02110201022122122111202122
00101010011
0111010001
001100000100111101010110000110
1111101101001110101
20101011222111210102
100111101011100
10000010011000111111100110011000011
111100110101111101011001011011111000011
1000011110100101101110010110100100000011001010
01010001011
11000111100011100000001111
022100221001011101202111000201020102220111200101
02100210102
220201110011221121210112122110111201211222201
011021
1111000011101110010010101010111011101000111
202122
0001011110100100101001111000110100110111001000111
10100112111
010010000011100101001011001110000011101
1200011202000000
211110102
1210022221211221110211010221211212010021200
0000111010010010100101
10011110101110010000111
101010000001011001101110011000
2022002210121211200210011012
201010112221112
1010000111111000000111011001100101000010101010
12100222212112211102110102212112120100212000
0110101110011000011101101101001110010100011111111
11011010001100101
010101001001
222002111020
1121012022202212201210002
100010110100111111101000
0121200211112021
0021220022222022111102011011001021102212002
1110011001111111001110100010
10001100001010100100111110001000001101001111010
212201102010021110111011102111210201201
11111100000111
10101111100000101001011001110011001111
1122221102221222
111011011100000001101000100100000
1011110001101011001111100000001101000100101
0100100000111001010010110011100000111010
01221200011221000101
2112200102120202111
10000000010001010111100101111010111011110
1111011111
0011101000001101001010011011101101
1100011022212
00211002200001120221201020100010121122
101102021012011120122
1011101
11001010000111000111011111100001100010110
1110100011100000011
1011100001000100010100000110011100
2102220
01212122200112012001102102002000200020
02111002102022101000202001
1121012022202212
022011101111011
1011001100011000010110011100
01001010010010010011101110100
10101010011110110110001111111101
1021111112222020002
111101100001111100000101001111111101111011000011
0011010101
11110011100001100110000001100101101111101011100
111201012221022020010
112222110222122222222020012202021211222211
22210110101112011210112020021110122100
1100101010000011101
000000110111000111001
11010100010
201101
1222200
20122222001000222100
021010211202202022212122200111120222122
00111010000011010010100
1100201111222221211010122020221020100222111201020
10010110100101010001
02112001221010
002122002222202211110
110010001011000010000110010011001100111
0101001011000001111100000101011000111
010100001101010010110
011111101110000011101
10101110111100111111011000111111001010
211021021120201120001202120221010
0120202110120112200021
0101000011001100100001000101011111101110000010010
010011101
0111101010110100111000101111011101011011011101
1010011011000100100110101001111011110001
011110101010011010000100000100000100
0111101111010101011011001011010010011110011111
1010010000111110110110011010110000011110
2202201212212002000221110220112111020
2000221022022011000120220001011022221220101002212
0111101010000011011100000110001111000000111010
111010011110011100011000011100111010111011100111
10
000010101110011001101010000011
01212122200112012001102102002
1101010001
122011011222001022122021011112100002011011112
00011011010100110100
012001001
110010111100010000001101011011011010110010
0111011110010100
11010100010101001010
0202210222
10111010010010011000010001111110100111100
011100110110111101011011010000010100111111
0121212220
101000100110101011001010111001000010111100001
10110111001110101011
20002210220220110001202200010
0101221112010102211202122001201000001211211
110011000010111111111000110110101001111001
111101111010101111010010100001100101100111
110001102221211100202200100012022012
22210110101112011
11101000100
11001100011011111011011110101001010001010101
00100111010010111011111010001110100101
01000111110110100111010
122220000222220111221112221021011211
1100100010110110011011100100111
11101110001010010101011001010011010011100
22020111
0022201220122111022222200212220202110111022
000100100101011011110100011
22020110120201021
000110010101
2120010211221011
01111000000011101100
10011101010000111101101111110111
010
0011101000001101001010011011101101111111011
20011211220220000101120021000110211201101001010
1000001001100011111110011001100001100001000111
112222110222122222
20220022101212112002100110120202010220012
0010
011100100010111100001110100
0001011100011001000001100000
10000100010110110010000101101010101010110111
0111101010101100111101100111101101100110110011
0211100210202210100020200111102102
10000001000100000110000001100111100101
2202011100112211212101121221
00100011000001101100100101111010111
0001100101011001110100111
200112112202200001011200
1111100
1101000100010
1010100110110110
1122221102221222222220200
001110111100010111000101100100100001
100110202002222212002201221220020212120011012
20022120001222122
1010100000010110011011100110
01012211120101022
0110001101011011100001100011011111000100010
10010110101010101111101011100011001000100
010110100111011111110110111110110101
20101011222111210102102220111012002201000001122
01000111010
222111000
12100202010
10220121101120000022102110212110201
000220002022020021221211011002020102110200
01111010101101
11220022202222110020222202110122001001002
10220121101120000022102
01111101010010011000110111100111110
1111001101011111010110010110111
012020211012011220002121002020212000
000111010001000010000011100001010001100
00101000000011001111001
100011111001101110011
100011011010001000011
10100110111010000111111001011
111100111000011001100000011001011011111010111
021101
11001100000110010101000
121002222121122111021101022121
0101221112010102211202122001201000001211
110020111122222121101012202022102010022211120102
22010
10111000010001000101000001100111
0122120001
001220
221120001
01000001111
000110010101100111
112000120021121111211
00100001001101000111010
10110202101201112012221212211
1100101010000011101101000101
1220121210221202202
22210110101112011210112020021
1010100000010110011011100110000000111100
1010100100101000110001
11210120220121221121012111221120222121
0110220021
101001000011111011011001101011000
10220121101120000022102110212110201022112022112
1110100010
10110202101201112012221212211221112201
010100001100110010000100010101111110111000001001
10220121101120000022102110212110201022112
020120
001000110000011011001001011110101110110010010
000000010001010110
2001112212011101200010112111110221
010010100100111000001110001110110111111
220112122
110111001100000010110110011110101100101
0021202020
10100110001000100101000100001001110100111
10220121101120000022102110212110201022112022
001010001111010122022220111020
0112122121
01110011
01111100011101011110000111011111
11101010011011
11010001000101010000101110001001111001
101010000001011001101110011000000011110
1200222212210120212022110202101202
1100101010000011101101000101111101001101
0001110110000101011100010101101010110110001011101
00011100111111
2002212
20212201221011011222202011120120112
0120202110120112200021210020202120
11120
0012011020002
0111100110001000001111001101011000100000000
11002011112222212
01111110010110100100100001010111
111110101110
011011011110010000010101100
101010011011011
11001012002121001022202111010
01210022100001121012
200010022112102222220222100120010110
01202021101201122000212100202021200
100001110011110111000001110001000100001
101001101101010101001001000011011100
20121101201012102
0111111011100000111010101101101101
111110
0011101000001101001010
12222000022222011
100101111010001100111110000001110
01111100011101
111111111
0100011101110000110000100100101
200111
0020221121220221110011002112012202121
0111110001110101111
111111111101101
012121222001120
0001010101011000101110101111000110011111001100010
1001100111001000001010
20002210220220110001202200010110222212201
0111101010110100111000101111
201222220010002221000212200010222002
212201102010021110111011102
21102102112020112000120212022101
100110011100100000101
1110100101010001100101010110010111010011
0111110
10100010010011001011000
0002200020220200212212110110020201021102
10011111010111011110010110
0011100000001100001100100010110101
0011111010010010101100111000010001111100100
0121212
010010010001111110110110010110010
10101111101101110000111100001111010110111110001
11001010100000111011010001011111
112101202220221220121000210012201021011020102102
0011111000001102020222100221010200210110110022
0022202111200021212021112200021122222100
1101010001010100101000110001010101001000101100101
1101110011000000101101100111101011001011111
01101001000011110011110101011100111001010110100
00222012201221110222222002122202021101110
