40613
01100010010010001111
12222000022222011122111
6030
303101403330553253113115550035225344450215242
11101111011111100001
0222012011021101101011020222010220210012220010
15466003512044463250555203144533354114
001000010011010001110100000
01000100111101110
0110001001100001111
5213026465652201130441210240520216352601256426504
01111000000011101100111111000001010001001
1010111110110
2442423243133130044005
001000010011010001110100
6446466464315326535463244662454142234
223235661154220
320635322522063302353364033230064601015363
561630305253205600115452414
11110001111001001000111010110000001110
001010011
603005442612442246132066231534424010205
12110022101202112
5210054233323310150003224
110100211110
4060350155653601115244333555564252122405451334
644
112000120021121111211110101002101
1011000010001111001111011
044230214230220
000000011110
603005
0210021212134224421
101011111011
31246316150626052166622150435
05206311506
0001011001110010001011110110001100010101
21001222120102000201221
1111100011111001101111100101
50455000530125521230213
0101000011001100100001000101011111101110000
111011110111111000010000
22002000012
010010010010
240150022310506406126361045
100111000
10110100011000100110100100010011
10101011100101001010101001001
13024211
011000110
12536631340122633220142640114062044
102101201001101000112010200200220
1001101100101001010011111010001000001011111011
511244535042545121024315423151332524555
01111
3206353225220633023533640332300
6606042522405663420231
454334064515
4343033043102215551101003
45131
0001001010011001101000001110100111000101111101011
0012011020002022110121200211211
0110101110011000011101101
101011111000001010010110011100110011
001010010101010100010101111110000001010110
022
00022212210112001222012200210020022121022202
10110100011111
055453002112040154043120024105134525253330140455
110001111000111
444531510340
012121222001120120011021020020
101000111110111001010101
00000101001001010110010000010
0100000010010101010100110111011110001001110101110
512305062504505050156225046
000011110
65353446636215
05653366510645250612150021613024223210436
000001011111000101111010111001011011101110
20122111020110
22212
31
111110110100111010100110101101
110010100001110001110111111000011000101100011010
000011110010100010110011110011010101110100111
2444220223031000
2122012010100202020020200100202100110100222112120
02133
2442443052410031131214300
460361010514034560505
1010000010111100100001
0163546145514025034166221160225111621450410424
5511544643125401516154511610225355
020221022222112012221
112020102112212002101120010111121000121112012
16050366666131243020201264314
40301103515241553542332455024431203333042014121
12021102100101010110102200001012
1004033124402
10100111110011001100011001001011110000
13024211165542621442323
554450312114243120340
020101
0010000000111
13024411040042110420
303513513
143431325131055401432401343411412212242542040305
1010001101010110100000110110101001111
4546510345103032324465512416
0000011010011110101
20212201221011011222202
2661141524266643
1563346436541635654323202324100221612652
1111001110000110
00112020111
46162
3340536
36615366202312063434251504343350652
6430206430552326013105655466531603414644
1101101000111100110001110011101111110100
010111100010101000011100011100
10011110101110
001000000100101001000001000100101111110
1011100
3340536543324324
0111100011011001
301431554020241143053012
621600425632614235165340106232104156561233060
021122110200202102
011000011
24104432220144123
442052551165205016114225
1022020111222000120
0001111100101100001101000001001000010110000001101
1010010000111110110110011010110000011
031052255315104444354133432014340313041230250114
00100001111011101
242202434510465
00004
0010000001001010010000010001001011111100000
26611415242666430
1011100110111
01001110110001111010100010010111100010001101011
101011111000001010010110011
444313004001
01000100001100110010100110100101101001100010100
231014652
1021
101110100100100110000100011111101001111000110100
40646045444215103024063446363525124114
1222000111120020102012110222
01101101011010110010010100000111000111
2420022410240330
01011111101001100111110111010
24163543402413620225236335414152040113624
460361010514034560
1042323343215554241
110110111001001
00100111
0100000010010101010100110
111010220222
012210111111202110001202011201001
55243
266426043021443222550266301341560105511056
121242231122244420
110101110101100
1000000001000101011110010
55311211400200616301011404020113
03561563610411663316011645411263526
51230506250
111100101001101
122112
00111100111001110011100000101110000101
140324
23000156611122555315623052402533
2442061
111000101010001110101111
554450312114243120340454240666616513526156614140
4244211004420004304
01012221110102
1113133423024434
111010101001001010010011001100000
011110111101
546311545221123263602056231320322423050444
000101110001100100000110000
240342322362536205
00011000111010111
4311034201223413
0000011011
2111011020
32063532252206330235336403323006460101536300
3661536620231
02222221112020
3014315540202411430530120
011011
0656560523525505162
0100100100011111101101100101100101001000
011530505543414535
355351442160
156334643654163565432320232410022161
110000110
0100100101
00000001011010
0641315451654513
2112200102120202111110220121122201011111221
551154464312540151615451161022535
2524312125450045243
44205255116520501611422
0000100101100
0011000101
030131022440441
5444522204043431351120133521020533313144205135
2041321334434303552220240333550335533334015
1001011001011001010
34241046
2335004031235221515534212504302021011115023443445
1111001011100100111010001
62506462460204315032361253645211301101666140
226355143543462504450062564362264
0000212102210112120102120
0600143335644041346246212224103116140320311
24163543402413620225236335414152040113624104
12200120222200101201000102
100011000101011000000101
1101101000111100110001110
1001111010111001000011111000001110010
01200112002100102100012200100211
2114004243101006254265001220042
000111100
101110110111011001011110100101
521302646565220113044121024052
001111000
12121000001221102002100100202
20222000222
40603501556536011152
0203041360
101011111011011100001111000011110101101111100010
111111111101101011010100101
100101100101100101
0011111000001102
2263551435434625044500625643622646600005300
1101010000110001010110110101000000
2416354340241
10010111101000110011111000000111001011010100110
442510126002240506
1430615235324500
33313060543546366651665302265215521542045136
020000365103552253542410130340400261214
4252521142015453341
0151420513524533042103
016354614551402503416622116
6236444
11110110100111111000101000110011
00011100001110010011010101110111011
33313060
12100221
554450312114243120340454240666616
2012000211
512305062504505050156225
43003324
10011010111100111101001000101111010111110101101
100011011010001000011000011011100
43151520554533252653206334444252211363312045244
01111110111000001110101011011011010101001011111
1101202111120021212220000100211222120120002
1001011010101010111110101110001100100010011111111
425524334055552263435134603
0120202110
1010011000100010010100010000100111010
012200122221210211210222201100120011212121000
110111100010011010100101100101101011010111
015252054021131423140534305244022255353524122
010001100111111110001100100
11100010110111100111000110110000110101111000
2656
211022122221200220
1011000010001111001111011100110000010100011001011
0010000100110100011101
100101000001100000011010010
20000211201112012001222020120221110001012200021
010100002222020011
3646
000100001011
100001101111101111100010
0110111000111011100001110
110110010011000010100111100100
6040532103346264346325520
314551415
0435050633
002011
4531515521654044453053361110652650553613
15550061554405011032066220
12222
3641
1001011110100011001111100000011100101
4425101260022405063242134632
00101101011000101010
01010101101111
0204652604045361413506544555342021502
3626353403156422032665630550120042621
62506
0600143335644041346246212224103116
6333344610446016123250040552053233
2230423121030030224
1302421116554262144232303533034436303
1011101101110
00010111000110010000011
1220220221
0001010101011000101110101111000110011111001100
110110100011110011000111001110111111010
0001001010011001101000001
01001001001
401002121224024135431453
020461231516601340636035151622213413024250656555
155056451044400
4546
0111100011011001000001011100010011110101000111010
000011110010100010110
6535344663621
21100212
04400201111
011210211
10444121304
11100111101011011001001101000100010001
2112222000200012112012
12002002200
100101100
10100011010101101000001101101010011110
64522
31202553514661145
36263534031564220326656305501200426215
130014565333
010010101011011001100010101101110100001
02046526040453614135065445553420
10201220201112211102111011201210011020022021
416526
0563263356501455111125425360526011022
010011010101110111100100101001000011101010001011
21001
1000012200122112202011200200122002200220112110
1550564510444
0001100010101011010100001100001100000010110110010
121002222121122111021101022121121201002120000
6500230445266360524141
16632140352364526
4244362415632132100132515353302121504
3340536543324324453643
430524302151233300420133
554450312114243120340454240666616513526156614
62221430661521125
335220535206201125203365546512442554502334013
52054243054
6500230445266360524141105031631512336550565433356
01001000101
000000111101010101011011001010
3124631615062605216662
23101465216063064231621632505324250632121434362
022201201102110110101102022201022021001222001
232543454166616162525544651200001345
1010010100
0100010101
61011544046011465
621003424143043525
0565334025116622612442445010613
201112021212001000122020120121000202120111100111
001000110000011011001001011110101110110
2442061230
3352205352062011252
310352013010
22110002120201210112222211102222211
62160042563261
1010011100001111
335220535206201125203365546512442554502334013014
62221430661521125221
1010011111001100110001100100101111
5112445350425451210
56114431154463433644564464255220035406630640163
1555006155440501103206622023314615
10210
110101000101010010100
02012002100001
21432041223
334531256503212343304241634624543010222623
4165266351625020
01111010110100011111110000000001000100001100
10110110110000011010001010011
1110101010010010100100110011000000000
0121212220011201200110210200200
040231511302112123233430205
11010001000101010000101
1110001011011110011100011011000011010111100
313202120122
44453151034006523163146261323161363136312424361
0111111100100111101110000110011100011010010
20010122211220100021010120
2112000112101020102211220100121202011112202
056533402511662
40301103515241553542
2001012221122010002101012
1555006155440501103206622023
0022
131234014424
11100111011101101110
0221112201112222000011
00111110000011020
10100011010101101000001101101010011110000
335220535206201125203365546512442
5524333113543515001
2001011011220122102122
101000100110101011001010111001000010111
25243121254500452430
1100010021021111121100201121
04263161134055635130562536454334
0010000100110100011101000
00101001010
022221
445622564363522
520542430542304521013156456665423063651
4153325103115125301224
13112222044322
01101101001101000111110110101101010010101100
2100122212010200020122100
11010111101100100110111010111
2053333532325122200544512534055535204551
111000111010001100
11001111011000010000100001000111
011101
4410401320221
43430330431022155511010030
01220012222121021121022220110012001121212100000
2455562540553140614403
43543
11100010110111100111000110110000110101111
10201
11110111111011111110110010010010000011
20220022101212112002100110120
022212
26444315551621
55154116545531421160625640020331036036232020
0110110
555260224305664051200440514022244635
111010010101000110010101011001011101
330524166143133602156143305602
112221
02210022
100111110101110111100101101001000
10000001010110110001010100100001010001
40603501556536
414555033265005006
2325434541666161
03114150204044442555
10011101011111001110010101110001111011101101001
2455562
265625445143061320343020104254050140233101160
01635461455140250341662211602251116214
10100111000011110011111
1011110011100010100111110101000101010010110010
011111000111010111100001110111
01001010000000010
444531510340065231631462613231613631363124243615
0001111
031015345310512125305121
6333042161333335310221563652563
33313060543546366651665302265215521542045136244
210220202201
220101210212212100120010
11111100111
660604252240566342023113431352610314666122041
204043001
34244112040012204
11001000101100001000011
44205255116520501611422546632114341
35266304
2416354340241362022523633541415204011362410430034
64464664643153265354632446624
101001101110100001
01111101010010011000110111100111
1110011001111111110
01111000110110010000
5616303052532056001154524140210044253230054
000110001010101101010
02000036510355225
12021001200
100011111011001
26562544514306132
42221300343
011100110110111101011
14011340
102012202011122111021110112012100110200220210
00105323253101620544106
4642163314
3340536543324324453643553003310243265444114424613
223113134324303310
1101010000110001010110110101000
01011010111001010101000101100
01120
160503666661312430202012643
111000111010001100001000011011111001000001
320222001510025325444254414055320515213345050111
00111101000101010111011011000000110010100
1122001111201020211
01110011011011110101101101000001010011111
36416542513043145052152330112233513
100111010100001111011011
1210022221211221110211010
4332040344554432125331332451311054214302442
0001110110000101011
4531515521654044453053361110652650553
04263161134055635130562536454
011001001001010101001
016354614551402503416622116022511162145041
11650406225351003636
4165266351
130242111655426214423230353303443630331603051033
31041
62160042563261423516534010623
01111011110101010110110010110100100111100
100111000000010010010100001011111
0100101000011011111001100001010
0000000101101
000101110001100100000110
01514205135245330421030
0000010111110001011110101110010110111011100
5640144050
201010112221112101021022201
24555625405531406144031356313053
2222222
0112102222211002
3400534
2401500223105064061263610451101420564016464
0600143335644041346246212224103116140
10001101000101101111001010010111101000011111
01101101010110101010100010010101101010
5123050625
020000365103552253542410130340
0010110001101010011
01000100111101000110
44251012600224050632421346323460336515310
10011010111100111101001000101111
13414302211331110314
00111111010001110110110010000110011
2121221102
022023
5611443
32135241563132116
2405226602444554101364423
202
110111110001000001
45005
101111000110101
100010101000000010100101010
06001433356440413462
1110000000111101011100111
01100000010100000101111
0010100101010101000101011111
10100110101100011
455440224351123414
265625445143061
111000120021201002
423524402635554214244265
3214012410320420
45
4230022214303323
01221200011221000101110011011102120
0001001011
55526022430
1001011010010101000100
000111100011110100011000001011
6030054426124422461320662315
1110111010011
02221122200111022001110
01001001100111101
2022111101021021001110001121200111201102102200012
0012112002
521302646565220113044121024052021635260
052600521231201652554406363
01000000100101
3305241661431336021
30500255312522550631005531512533136353410
31322250214442110214505
406460454442151030240634463635251241
0012222220020122200222201222122002
406460454442151030240634463635
11001100011011111011011110101
11111001110011100100011111110
4642163314452560663411306634606245204521356412566
11100100
21102102
0100000101111100011
010000001001010101010011011101111000100111010111
110221220201212221
000100101101101101101111
1101110011000000101101100111101011001011111011110
1122221102221222222220200122020212
01011010110100101111001010111011
0110001101101011
433322020
01000100010110101011
6030054426124422461320662315344240102
060401311542026334056160020314246004
01101200022
10102012102021120200022101
000001110000010
51230506250450505015
01101110001110111000011100
4315152055453325265320633444425221136331204
01000111011100001100
455160510153463640
551154464312540151615451161022535544646041234444
101110012210221212220
0110110101101011001001010000011100011100
001111101001001010
122200011
61011
3433434
00100011000001101100100101111010111011
2202201
453151552165404445305336
01110112012021211012010021
41240344023130413
01010001001
1100101
0426316113405563513056253645433445111341251561
00000001111001111011010100010110100011111100101
22304231210300302245
1100100010110000100001100100110011
02220101212021101102012000221
0110001011101110011101100
230001566111225553156230524025334545523516622
11010111101110101110100010010110
10021
24220243
00010010010101101111010001100010011111
101101111100110111010
01100001101101011010000000100111
11001012002121001022202111010202
1101101000110010100
2661141524266643025132522503631221032033352612
43232124441333
5131146401660256445
05524510566504462045133456666215463404526603441
44205255116520501611422546
513
201222220010002221000212200010
4060350155653601115244333555564252122405451
01100110001011011
0604013
10110110110000011
561630305253205600115
2405226602444554101364423306146044635455301
0100000111111111101000001111110101101101011111
0111110011110
010001110
231014652160630642316216325053
1111101011100
33052416614313360215
1202211
2342411124
24015002231050640612636104
12202012200100010200120001020121102
01120002212210221
0010000111
1101100011111000110101011100111
016354614551402503416622116022511162145
010010100001101111100110000101
10000000111100101101000000001010011010010101011
0110100100001111001111010101110011
1111011010011111100010100011001101111001101111
002200101111
1100111101000010110001111101110110111010
0565336651064525061215002
4410012001144132321
3206353225220633023533640332300646010153630
54631
41121353124142315425
2416354340241362022523
1100110000011001010100
0266602061
1011010
2664260430214432
32063532252206330235336
0121
20413213344343035522
226355143543462504
34222321
00100000010010100100000100010010111111
010010101
234403313456666425333503
11222100111002
1555006155440501103206622
0012112212112201112122110022200012011102
021112134111024131
10101001101101100
53551032231044343204244053412032535525055
011100000000010011101010011111101000011010
410646321601
00105323253
01111001100010000011110011010
3132312013
4425101260022
100110202002
2211102120102111111120221010202021212002000121001
0110000000100010101100110000101001101
1120201021122120021011200101111210001211120120000
26611415242
35564226255100503
362635340315642203266563055012
10110202101
24420612304360023444010444326141
5123050625045050501562250
406035015565360
342
4402401005545520511112420035453355201412210054132
00100100110
121
0010532325310162054410665233524
011000100100100011111000000010000100110
4430121312112410144
1111011111101111111011001001001000001111111
21122001
00222021
0110110111100100
200110
5531
26562544514306132034302010425405014023310116
01202434030
21340002232
01000110011111111000110010001110100100001101011
3352205352062011252033655465124425
11001100
122220000222220111221112221021011211100002010
02020012111222120
102222102020
5616303052532056001154524140
02211111120121220022
110111100010011
45035144434321341544313414244123340044314
561144311544
62221430661521125221106201316
5122253232403132221234
30400143232340
546311545221
0122120001122100010111001101110212
21133441
0010532325310162054410665233524200003
011101111111101011111010001011100010001101001101
00100000010010100100000100010010111111000000
101001100
512225323240313222123450515451452334522414
406035015
000100101101101101
00110000010011110101
05260052123120
342046205113502422060156
513114640166025644524516644500561623
5616303052532056001154524
6040532103346264346325520441563462363430652120
220201110
1000001001100011111
01000110011111111000110010
121002222121122111021101022121121201002120
1200022212000002
202211102211220
21201111220001212000110102101010212111221121
111000101101111001110001101100001101011110
3424104630655335256123112505335436460053
001011100
650023044526636052
010111
2201200011020210
1220012022220010120100010211002020102121202012
03561563
056533402511662261244244501061300
0011000101011111111101
16050366666131243
22212212100102021120
32022200151002532544425
0110000110
0426316113405563513056253645433445111341
05653366510645250612150021613024223210436465415
55311211
2656254451430613203430201042540501402
0021220022222022111102011
1100011000101110100
56512
4
0110110100110100011111011010110101001010110
03310154335223104102344
101111111110001100111100011010
0000000111100
34011
03333200255135413453034031141243042525014135411
100011112211101010
551541165455314211606256
2442343544121432510
122220000
001001001101000111111000100011111010001
40154
444531510340065231631462613231613631
513114640166025644
04263161134055635130562536454334451113
33522053520620112520336554651244255
5552602243
42443624156321321001
01100111100100110101011111101111011110001000111
24411031003432321
0011110
126
0101000011001100100001000101011111101110
1102120110
11001100000110010101000110010101111000101
11110100111100101010100101110010010110000111
26562544
45465103451030323244655124165
366153662023120634
234420121
011100011101110
200002112011120120012220201202211100010122000210
11100011101000110000
0010100101010101000101
012012012
555260224305664051200440514022244635550
130242111655426214423230
3332305
00000101111100010111101011100101101110111
0204612315166013406360351516222134130
44453151034
2455562540553140614403135631305336141
20122222001000222100021220001
561630305
01010010101111100010011001001000011000010010001
2422024345104650
010001000101
00010111000110010000011000
33052416
126626311426012544633003000222143413224201
65002304452663605241411050316315123365505654
24220243451046
11041221014121414103
1020122020111221110211
660604252240566
265625445143061320343
23254345416
52130264656522011304412102405202163526
03502412204033034242
031401240110304244
101101
00011000111010111100110101000101010101
3050025531252255063100553151253313635341
100001111010111
10221000000201101200021100102022212
052001556
120010
1010201210202112020002210111212022212112
1212220102111100020100211
32314130431000344210
20201022
302302044321
52130264656522
66060425
016354
01100110001011011010111110001000010101
00100001001101000111010000
10110202101201112012221212
04311
13343303144212
1000110100
011000100100
11110110000111110000010100111111
00011101100001010111000101011
561630305253
13024211165542621442323035330344363033160
11100110011111110011
02000036510355225354241013034
203200111524235211314122120003
3533320552254311010222452442440121023331452144
2221221210010202112
40646045444215103024063446363
10110100
1555006155440501103206
462463320144
0563
46421633144525606634113066346062452045213
320635322522063302353364033230064
154660035120444632505552031445333
552433311354
1000110001010110000001010
1110010
20122332412304
2110210211202011200012021202
220020000120
0101001010111010001
3626353403156422032665630550120
11101001010100011
026660206152615420
011000110110101111101001111001111111
0111000111011100
0356156361041166
0010100101
21201111220001212000110102
10011100000
4442014321531050015355531334414002010104534454
51152323424515213041
200010022112102222220222100120010110011012211021
1200022122021121012210012212011110210020002
34011144255513421215
011110101011010011100010111101110101101
00010111000110010000011000000
112101202201212211210121
34044202
603005442612442246132066231
244206123043600234440104443261411240256
0012121002
210314300220122330
55243331135435150015
0600143335644041
423524402635554214244265615254465540143
010100010110101111111010
102221220002
1222000111120020102012110222122120022211022
2212011
001111200101102021202020022
20320244011224124
4221501302344444013545124020002525331105545000134
000110001110101111001101010001010101010111011
6446466464315326535463244662454142234522045252030
10100010010011001011
000011110010100010110011110011010101110100111000
002022221022112200221021122221122
200101101122012210212211010002111120002221101
561144311544634336
0526005212312016525544063630163
521215203554132320152112343234115243441024405002
0121110111
1253663134
0111011001111100000110100011000011101
0010110001101010011010000110010111111
00100000001111000001111
1101101110010011111101000000001110110011100010
0563263356
2543222014615366236330346254553156250545442166363
065012
00111001110001111001000111111000110001000011101
11615
1010011011010101010010010000110111000010010
134343100
111202101200021
0100010011110100011
2211102120102111111120221
22001002112211001021
4300524110554355521533523054014054155405
001010001010
112221210002
266
66442622532025
01101011100110000111011011010011100101000111
011110101010110011110110011110
101010000001011001101
21424264054
5515411654553142116062564002033103603623202
2112202012102120
0100011101010111001010100111110011
01101101001101000111110110101101
0110011000101101101011111000100001010101011011
1010111110110111000011110000111101011011111000100
0011000101011111
05653340251166226124424
200002
230001566111225553156230524025334545523516
111010100110110010010101100111111000000010101100
32561052521133
4615566545342612036
10000111001111011100000111000100010000100110
120111210202000112111211
00100001001101000111010000011100101110001001010
100111000000010010010100001011111011111101100011
01011111212120000
0111101010101100
233553404316
00110011100100111
10100100011101100010110010010001001000101110
10011111010111011110010110100100
1110011110101
52643621303103
6606042
604053210334626434632552044156346236343065
00100100101
05632633565014551111254
11010111010110
416526635162502
55040
110010001011000010000110010011001100111101
0100111
0222112220011102200111
110111001100000010110110011
6500230445266360524141105031631
0100011101110000110000100100101000100
266114152426664302513252
1111011111101111
101101000110001001101001000100111010111000
10000000010001010111100101111010111011
02666020615
2230423121030030224531010544603661
0200003651035522535424101303404002612143151362261
01010000110011001000010001010111111011100000
32431255125515210131215043323505322232150243302
401002133131
1111000111100100100011101
41652663516250200233043
00001111001010001011
11110111101010111101001010000110
1011110011001100111101
0143243024003031351401221320
2101111022021
111011011100000001101000100100000000100
0111010
6500230445266360524141105031
00011011
234403313456666425333503400520322552
00101000101
120110111011101101000022122002112202122102102
1101011101011
0431154515
133022441444322433
05545300211204015404312002
0563263356501455111125425360526011022432543522
012012012122222112
010100101
0656560523525505162230255561126545224
33405365433243244536435
1000111010001011100100110010001
011110111101010101101
5531121140020061630101140402
0111100011011001000001011100010
11441354035244151542502013303524331404024104321
02200
0200022022121
430052411055435552
0111110110110
2310146521606306423162163250532425063212143436264
001000011110111011110000010100100110110
222000100221211122222111102121001020220
342410463065533
01221011111120211000120201120100122002220222022
653534466362150331404
334531
02202201
1010100110110110000
0000010110111001011001011111010010000100100
21021200000001
11001010000111000111011111100001100010
453151
1111010110012010002211022210122
1523314
54631154522112326360205
0221112201112222000011210202200100112210102
041534555224213223414550055550440345322
423524402635554
101011101111001111110110001111110010101101010
1550564510444001441453444353
0101110202211011
2310146521606306423162163250532425063212143
0100011001111111100011001
4235244
12000221220211210122
01111010101011
10000011011111100011010100101110110110001101
24555625
022201012120211011020120002210
0211
122220
1000212210
1121342030333134
00010110011100100010111101100
551541165455314211
33243324
21122220002000121120120
0022222020120000210010212
10012430240340
5616303
056326335650145
42552433405555226343513460353534
01111111001001111011
04423214130
2220001002212111222221111021210010202200
62160042563261423516534010623210415656123306
21220110
32261312623066445625
05214530454341355
011101111111101011111010001
6250646246020431503236125364521
36416542513043145052
0111011111111010111110100010
160503666661312430
40103240201423331132
5123050625045050501
24555625405531406144031356
055245105665
244206123043600234440104
2405226602
00100000001111000001111100110000001111010100100
0001100011
0101001010111010001101000100101100100100010111111
54420603522056
0100021
210221021111
1010011
34340
100000110111111000110101001
4165266351625020023304345315006320203302524
355445044655534511
21312201230133000
5611443115446343364456446425522003540663064
333130605435463666516
233462036441050346454
012200122221210211210222201100120011212121
0200403402121
0131031
40646045444215103024
015142051352453304210300
065656052352550516223
2221011010111201121011202002111012210010122222
20043
644646646431
0012002201202011
011110111101010101101100101101001001111
000101100111001000101111011
312025535146611454443132332160300435615033605
51056433133
11001100100001010101000101111001001001001010
0100010000110011001010011010010110100110001010
1010001101010110100000110110101001111000
2020210020100220222022102101
6030054426124422461320662315344240102054341201
1011000011100001011001111001100111010011111000000
2410011034364
10000110111000111111010010110101111111
32122245143031344424
32063532
111000000101111001010011110
11010100001100010101101101010000
20101212000
24163543402
200022102202201100012022000101102
100002022101002102
10651635221264
55311211400200616301011404020
2325434541666161625255
211214340344
3455246333651054
012210111
254322201461536623633
0000001010111001111
4255243340555522634351346035353411246012043261232
643020643055232601310565546653160341464446
1101010000110001010110110101
3641654
460361010514034560505431235562304415403365521625
02424421
00111011110100011100010110111000001111010100100
11211100221002
220101022222022012221021201020110222
1110111001011011010111010010010001
0100110101011101111001001010010000111
0000000010111010010000111
101010011000011011111110101111
662240201335
100001111010111100100001100101110011111101
20001110110002122
653534466362150
010011100
120220002
24220243451046503340
2230423121030030224531010544603661362504
1201
1011001100011000010110011100001
312025535146611454443132332160300435615033605361
05632633565014
0111101000011010010101111100011110100010101111111
0111101111010101011011001011010010011110
22212041
100111
020461231516601340636035151622213413
403011035152415535423324550244312033330420141210
12221212221012110221122200200010111120
24015002231050640612636
01111001000101000101110111001010111
3132224241111142
2462
102100220021102221012110
23545
1101010001010100101
11110111101
454651034510303232446551241654251653145563
22212100222102010011101
10110000111000010110011110011001110100111110
1342042540545
11000110
210222202011020110
221403142
33313060543546366651665302265215521
056326335650145511112542536052601
0020221121220221110011002112012202121102122
1001110001110011111010100010110110
1111
056533402511662261244244501061300260504566303
1122220202100101020
330132410430
0100121220
1001100001
412421441102032523001345
2001120122221012220022100010200201211212012210
3345312565032123433042416346245430102226
60161
10101001001010001100010
112223021
01000101010
33334141412001140022
0011000101111110101010100011111111010101
0010532325310162
232543454166616162525
01100000010100
02351345542365154662035504103062044
0010000100110100011101000001110010111000100101
11554024520550333501
1000000001101110010101
111010101110100110001011001111111111
265625445143061320
104430403104
23552254422415522050045330534044220444053
05524510566504462045133456666
11012021111200212122200001002112221201200020
02126642166222444
021102010221221221112021
322013513442230504
0101212222102210010200222011122112001022
0000011100000101111100000101011000110101010100
1101000100010101000010111000100111100111
11010001000101010000101110001001111001110
001000000100101001000001000100101111110000
11111111110110101
22121202000020
62221430661521125221106201316530212431205564615
020461231516601340636035151622213413024250656
10102
32145316202
650023044
62221430661521125221106201
55115446431
00105323253101620544106652335242000035
11111100000111001110001111010011
1202111010
00222012
00000000010010101
011001020121
0101111110100110011111011101
56114431154463433644564464255220035406630
011111001111
304104131430
11110011010111110101100101101
31202553514661
2344033134566664253335034005203225525334
11011001001100001010011110010
001110100000110100101001101110110111
00000011011
001053232531016205441066523352420000355
100011010001011011110010100101111010000111110000
010111000001000101101
320143333033343045013534415505241211222320043034
10000001010110110001010
12222000
021202120000002111201112020212221210200221211001
010456243162
110100010001010100001011100010011110011100
0110001001100001111100101011
102100
111001
5131146401660256445245166445005616
20221001001
11001100100001010101
000000000100101011011111111110011011010011101
413402400402212
413140124132314
0111101011010001111111000000000100010000110
00022212
012020211
11111010111001010100000011
1421134413113
2114004243101006254265001
30132314101203
001010101100100111
2521360244453643360463455646165265661
43422441
10000111000101111110111101100000100000100
001053232531016205
211001111022110
1110100001010001001000100
21222
1110011101110110111011010010111111
0111110101101111101
36615366202312063434251
023513
302144023
0202
100000001011001100010000101
011111110010011110111000011001110001101001
52054243054230452101315645666542306365141456
2002212000
2650240
6216004256326142351653401062321041565612330605
341300134332421221
11101000111000000111101111110011
2020210020100220222022102101110221101211202111
101110001101010010100011010001
110630531443611604
0010000111101110111100000101001001101101000001111
23455
1100111101100001000010000100011110000100111
011000000010001010110011
2202011100
644646646431532653546324466245
00222021112000212120211122000211222221000121
011111000111010111100001110111110100101
1101011110110
20011122
001111010001010101110110110000001100101000
0001101000111101011010111001011110101110011100111
20110112202021022011222011
0526005212312016525544063630163542620521613224
100001111010111100100001100101110011
000021210221011212010212022122012220202
22343
5463115452211232636020
40144042041422124
00105323253101620
1101010001010100101000
1120101121022110200122201012
12200212120020020002110000012
2001121122022000010112002100011021
63014
1210020201
014401121
40055
01122102
000101100111001000101111011000
361566313
00202
15461241651420065402
220
1001121002001122
001110100000110100101
2300015661112255531562305240253345455235166225
551154464312540151615451
101101000110001001101001000100111010111
25432220146153662363303462
54435644251423453
644646646431532653546324466245414223452204525
0526005212312016525544063630
00111100
1101100100110000101001111001
0001011100011001000001100
30202241
0010532325310162054410665233524200003554461
01100101010001111001111110100000010001100
01010000110011001000010001010111111011100
1011101001001001100001000111111010011110001101
6606042522405663420231134313526103146661220
0101001010010001110100011111100011011
44251012
552433311354351500155
10134
1110011111111010011111001001100000011110000
52054243054230452101315645666
366153662023120634342515
2105532320022124440255
101111001110001010011111010100010101001011001
160503666661312430202012643141610341563610332
31010413131243200
01100011011110100001110011
110001100
0011210100020001
11101000110101001010010100011
11110010111001001110100011100001011
0002022222002
10110101010111
04263161134055635130
15505645104440014414534443536322442521535344
011011010110101100100101000001110001110
56536460021114
101221212211202221002022220021001001221011002
00105323
11011010001100101000
011001111001001101010111
16421555624325613521
2403243231
11011110001001101010010110010110101
110011010011101010000111000100
0600143335644041346246
43414435435631031
01111100111101101000100010101011001101110100
56163030525320560011545241402100442532300545
042631611340556351305
01101101011010110010010100000111000111000
2521360244
1155140345520340412314342050024453101143501043033
334053654332432445364355
10000111101001011011100101
240150022310506406126361045110142056
055662
0022201220122111022222
11011010001111001100011100111011111101
34204620511350242206015643065336
0110001001100001111100101011110000010000011
1253663134012263322014264011406204410653523
62306651243552021555141
2022143431200
65002304452663605241
1033453541443433013
111010001110000001111011111100110
01111010101011001111011001111
2102101110221111002212
002110022000011202212010201000101211
10011100
1100110000
200112012222101222002210001
110101
0100100100011111101101100101100101001
0600143335644
0356156361041166331601164541126352601551655033466
24015002231050640612
111011000100010111000010011100000000
53551032231044343204
2664260430214432225502663013
0122660254650500
202211110102102100111000112
01100000001100110011000100
10011001110010000010101101110111101
12536631340122
252136
2212120111010
10010110
0010000100110
11011010001111001100011100111011111101001110101
2021220
1110011101110110111
52566
521302646
00011100111111100010010001000110101110110001101
3345312565032123433042
10010110100001111000001010111
121002222121122111021101
1201101110111011010000221220021122021221021020
333
0022001011111000111020111020122020101
36615366202312063434251504343350652230
43102422434
0163546145514025034166221160225111621450410
23000156611122555315
10000000101100110001000010111011101101001001
26611415242666430251325225036312210
1100001110000101010110101011101001101
32310144444334144
0110001011101110011101100001001110100000111110
6500230445
001001110
001010101
01001101
001110011100011110010001111110001100010000111010
101001111100110011000110010
011000000011001100110001001001111
444531510340065231631462613231
40646045444215
0111010001111001001000101010010
20201001020222001101022000120
2022002210121211200210011012020201022001222112
011000011011010110100000001001110
512305062504505050156225046441442236
0010110011011111011110
51343063336165652110
0235300123523304233401223452353321333542042014112
1110110110011
002211112022121020121011100002
2344033134566664253335034005203225525334062462654
0163546145514025034166221160225111621450
11000110001011101
210012221201020002012210
102202020020201
0111111101000011010010111011101110011000010
115514034552034041231
0111110110110001010111000100101000100011100111
31202553514661145444313233216030043561503360
312463161506260521666221504353144232356050525
334531256503212343304241
0356
3340536543324324453643553003310
31246316150626052166622150435314423235605052
6333344610446016
2344033134566
2422024345104650334065260564254
01010000110011001000010001
0101112100202110010121000102200222002200100122122
11052244024546601520
22102001002220211122101202
0110000000110
010201001200011
653244
120241140441
21112110011221012221
035615636104116633160116454112635260
154660035120444632505552031445333541
01110001110111000
244206123043600234440104443261411240256652456516
12012122120120101
0011110100010101011101101100000011001010
01001000001110010100101100111000001110101100
0001111000
1100110001101111101101111010100
2221001201000220101021121
34153544560336552
022210012121
023513455423651546
2230423121030030224531010
555260224305664051200440514022244635550106652000
5552602243056640512004405140222446355501066520
1211101122120100102011120210010200101122011212
00100000010010100100000100010010111111000
040515315031401045513030
521302646565220
111110101011100011101010101011
1011101001001001100
110100010110010011
2011
12536631340
45164514201650
0200003651035522535424101
0101221112010102211202122001
11111111011011010011100101100
111110001111
100111110101110111100101101001
01000110001001110010011101110100111000010
2114004243101006
0001110000111001001101010111
210144343431220104
621600425632614235165340106
46036101051403
011110101010011010000100000100000100011001001110
23440331345666642533350340052032255253340
00243230
0000100101100110000110010110001101110010101
110010120021
01432430240030313514012213200
22212212100102021120211221102011200121
000011101
10010111101000110011111
020111121
152325026012251435
140144414233233
20011
235234415102321152440
0111101010100110
010010011001111011001111
1100110100111010
1000110110100010000110000
3401114425551342121523351533115334410004015521
1010101110010100101010100100111000100000101
555260224305664051200440514022244635550106652
1000000001101110010101011111
4301501
0110011
11212302104331
2031204546154053141602
12201102
0100110101011101
04
2012222200100022210002122000102220020121001210022
226355143543462504450062564362264660000530
120535543001
23254345416661616252554465120000134564
00001110100
154660035120444632505552031445333541142522356
11100011101111011010011100111
01110111100101
05632633565014551111254253
001053
10212122201
0111000000010101110111110001
42352440
6333344610446016123250040552053233162320524
41031
4235244026355542142442656152544655401436306
23346203644105034645416406201364643040345431
20022120001222122022011002
604053210334626434632552044156346236343065212
650023044526636052414110503163151233655
102303104
1001011110100011001111100
11202101010
10266400350265306000
302330406512
424436241563213210013251535330212
23254345416661616252554465120000134
014315403404
011001111001001101010111111011
200101
11101110111
6222143066152112522110620131653021243120556461
24555625405531406144031356313053361
65002304452663605241411050316315123365
4101323104000
00000000101110100100001110
10000122001221122020112002001220022002201121100
242202434510
01212122200112012001102102002000
110101111011101011101000100101100
5062404060323244441
01100001001
43151520554533252653206334444252211363312045
313533252410401001354011101
020461231
553112114002006163010114040201130613
320635322522063
00111010
001111110100011
001000011110111011110000010100
00002121022101121201021202212201222020200
3420462051135024220601564306533641
0110100111001100100111001001000111010010101100011
342410
111110101011
02121011000000220112000121112
01110001110111
000100100101011011110100011000100111110
01010000110101001011000
334053654332432445364355300331
1112022020001111000101221112101212210211022
320635322522063302353364033
0502616105553
63235
115430
01111010101011001111011001111011011001101100110
110010120021210010222021110102020
1100201111222221211010122
0111101010110100111000101111011
222210000
011110001101100100000101110001001111010
4123211413000311313
101000110101011010000011011010100111100
2011002122121211
6216004
0022201220122111022222200212220202110111
1100110
10000000111
12101200111111200202
54445222040434313511201335210205333131442051350
20010200211
4060350155
051621211506365212
2334620364410503464541640620136464304
63113
111100111101000110111
11010111101100
011110111101010101101100101101001001111001111100
01111011110101010110110010110100100111100111110
05524510566504462045
011000000101
10101011100101001
2310146521606306423162163
2221001201000220101021121201211202200121201
23523441510232115244
110100011111001010110101111001000100
0111001101101111010110110100000101
011101111001010
262302124034
111202202000111100010122111
021120012
312210410
40266562626266602124
1525203355153301400341415404100500045334314321051
100010101110110101100000011011001101100
521005423332331015000322400
0604013115420263340561600203142460046014333
33360155641455644054
46036101051403456
1001001110001000111
110101000011000101011011010100000
02351345542
22212100222102010011101202020022101221111
11110101100120100022110222101220
52100542333233101500032240
23142230340
2222120011012120
4255111445403221
11000110000011110001010110000010100
6222143066152112522110620131653021243
55526022430566405120044051402224463555
1111001110000110011000000110010110111
10101110111100111111011000111111001
22010121021221210012001
64464664643153265354632446624541422345
04263161134055635130562536454334451
0341103020
24555625405531406144031356313053361412060133
0110101
1110100011100000011110111111001100
4064604
15633464365416356543232023241002
01011010111001010
056326335650
01001110
10000001000100000110000001100111100101111010110
4451152413220522425522151214411042411520515042
0000000001001010110111111111
1101000101100100111010001000001001110011100111110
112
1323645121050105536313624551441131105442006262
115453
40440312010
2344033134566664253335034005203225525334062462
0001010010011110100000001010000110000110
2650235150341502361
32063532252206330235336403323
324312551255152101312150433235053222321502433020
10011001110010000010101101110111101000
1266263114260125446330030002221434
00001111101010000011
01100111101001111111
00000000010010101101111
01011010011101111111011011111011010101111
1100110010000101010100010111100100100100101
110011001000010101010
100101101001010100010
0554440012242452
1110110001000101110000100111
2521360
1110001110100011
111101001111
100000110111111000110101001011101101100011010
24052266024445541013644233061
0200421
1111001010011010
1253663134012263322014264011
110101000011000101011011010100
42443624
101101111110000100000011111011101
12100222212112211102110102212112120100212
1120
02211122011122220000112102022001001122101020
003024
3001031420203410
110101100101010111110011110101101111
10100011111011
0104404130430
0122001222212102112102222011001200112121210000
13024211165542621442323035330344
223042312103003022453101
02220120110211011010110202
011100111100001100000101111
3120255351466114544431323321603004356150336
604053210334626434632552044156
10010111101000110
10100100001111101
3331306
40550
102210000002011012000211001020222120
12011121020200011211121112010122121200221
62205022401
22
1111111111011010110101001010100010000001101
010100001100110010000100010
110001002102111112110020112100021112201202112101
320635322522063302
01000100010110101011111100011011101
24015002231050640612636104511014205640164
01012122221022100102002
0000100101100110000110010110001101
33052416614313360215614330560230061
200112220120100212
60300544261244224613206623153442401020
34131124
0022200010102102211200011012100010201
111010101110100110001011
126626311426012544633003000222143413224201633530
0266
500251352522021330333110020
12222000022222011122111222102101121110000201
01010000110101001011
1110101011101001100010110
00110110100011011110001001100
2203200
22210110
511523234245152130413042120143312044334044120055
601616245661400020620206042445254040116464110
1323645121050105
053103304154423403423
2344033
0000001111010101010110110010101111100101111
02110201022122122111202122121121022100102
05653366
330201
62411
41446
0101010110111110011110110110100111010111101100
546311545221123263602
00111010110111111000110001000001111
4040313310441132
4255243340555522634
4112233034114
001010000000110011110010
4013314444114
0101001001
010010011
11001100000110010101
0000111100
120020211000000
00000001111
622214306615211252211062013165302
46036101051403456050
10111100110011001111011101100011110100001
242202434510465033406526056425433253530225601140
41400305111332534423
54050
101010011011011000
00001111
1011110001101011001111100000001101000100101000111
020101200002202221201200001021220212202212
5463115452211232636020562313203
212310
101001110000111100111110011000001001001010101011
11100010101000111010111110111010
2661141524266643025132522503631221
1011000011100001011001111001
1211101122120100102011120
20121101201012102211112002101
0200003651035522535424101303404002612
41652663516250200
110110110111100000100001010111111010011011
23000156611122555315623052402533454552
32063
211400424310100625426500122004220420041330425
05653340251
2001120122221012220022100010
0151420513524533042103004551415351452443315
11204100000131
5213026465652201130441210240520
01434235354205403030221411320453201422511424534
111110011100111001000111111100
00000001011010101101001101110110010111
1111000111100100
130242111655426214423
35213514044454340554303131035504412512123004
2011120212120010001220201
01001001100111101100111111011000000110000110101
11000011011011111101001
1011434
55445031211424312034045424066661651352615661414
21230442133324
011000001110001001000101100011000000110101011100
5544503121142431203404542
61065263112555664
10001010111011010
06040131154202
1546600351204446325055520314453335
060014333564404134624621222410311614032
10101011100101001010101001001110001000001010
312025535146611454443
101110012210221212220111211220010200022200
020001021101120102
12536631340122633220142640114062044106535
00000110110
11001100100001010101000
11001100000
1000011100111101110000011100010001000010011
10010110010110010101110000001110000111100
333130605435463666516653022652155215
66225545602005542
603
100110101111001111010010001011110101111
110011001100001101010111111110000110111110010111
4243134343213032401504242134245523451140021305
1001101
454651034510303
1101011110111010111010001001011
442052551165205016114225466321143
32403533145500053252322243543413422222032324
3352205352062011252033655465124425545023340130
2263551435434625044500625643
5443564425142345306006225024420631421
25525
430224324224032140525
55311211400200616301011
10001101000
12536631340122633220142640114062044106535234146
10566125355
1012212
1102502504202055010331113304
553112114002006163010114040201130613406
2543222014615366236330346254553156250545
010001000011001100101001101001011010011000101
01001110010101011111100001011111100000010001101
01001001010
0010101010
22200010022121112222211110212100102022
1436122
12110100100221010011122201222010102212222
6535344663621503314042333021351512654256001
1210010120001
0200101
0444213043121
3124631615062605216662215043531442323560505250
11101010011011001001010110
633304216133333
1253663134012263322014264011406204410653
26562544514
521302646565220113044121024052021635260125642
12001
2543
10011001
202021002
101200221222202
00011101100001010111000101011010101101100010111
1232033
010100001100110010000100010101111110111
1212100000122110200210010020221122212120020001010
11120101222102202001010101221
555260224305
110011110000000110110010111
3013330240
20622432114505324634
0560434066
02302143002331
0311620524244
2416354340241362022
04051531503140104551303
1011100122102212122201112112200102000222000
0361410545
01110000000001001110101001111110100001101
15466003512044463
342046205113502422060156430653364161314311
100011111001101
02666020615261542010561140631631103215
2121201
11002011112222212110101220
00000011011100011100100101101010111011010111010
010122111201010221120212200120100000121121121122
0011111000001102020222100221010200210
24214324023241311
011001100010110110101111
000010010110
0526005212312
0101111110100110011111011101011111110000111000
1311424324102434
24424232431331300440050
11100110011111111101011011
3110015011440233030125315123211141424313551534554
110110
53123
10100011111011100101010100
000001011011100101100
0600143335644041346246212224103116140320
0011101
00011100001110010011
1000001101111110001101010010
202122012210110112222020
1010111011110011111101100011
14540
010122111
10111001221022121222011121122001020002220
442510126002240506324213
0204652
24241302204442
15505645104440014
2031204546154053141602616034
02046526040453614135065445553420215025
31124323
1010010001110110001011001001000100100010111
52054243054230
1110001010100011101011111011101000110111
0163546145514025034
110001111000111000000011111
644646646431532
0110110101011010101010001001010110101
43331360615355160063
20212201221011011222202011120120112111010112
01110011011011
000422134553
554
11101110001010010101011001010011010011100110001
01220012222121021121022
06565605235255051622302555611
0100212120200000011012111110102
125366313401226332201426401140620441065352341
02046123151660134063
333240305315121040522023
000001010010010
331534052425145052
13236451210501
01220012222121021121022220110012001121212100
511443132320113313125005
0000202200201
660604252240566342023113431352610314666122
132364512105010
5056410325221062
1010100000010110011011100110000000111100000011
10100110110100100001100100000000000010111110110
60161624566140002062020604244525404011646411032
0353221315551144424130104322133343230035043533
642205352
3263626112400224
201222
016354614551402503416622116022511162
4100134224432431321
36140
364165425130431450521523301
0100010011110111
1010011111001100
42552433405555226343513460353534112460120432612
55115446431254015161545116102253
01102110111212
101111001100110011110111011000111101000010
254322201461536623633034625455315625054
2310146521606306423162
01110000000101011101111100010000
1010001001001100101100
1111111100001111001001
110000202002001
62065
001200001200022121
366153662023120634342515043433506522305
10100111110010000101100000011011111100111101
111110011100111001000111111100000001110110
1101100011111
04353662
3661536620231206343425150434335065223052005003
623066512435520215551
11010001111100101011010111100100010
11200012002
330524166143133602156143305602300610600356
202021002010022022202210210111022110121120211100
320333
000100001011101100101110011110101110000111010001
111100001110111001001010101011101
3661536620231206343425150434335065223
01001001000111111011011001011001010010000
223042312
55445031211424312034
056533402511662261244244501
0100011101110000110
10011101010000111
32551103243
50025135252202133033311002
325630016065101
2105532320022124440255205341133024513304520042521
4221120310301012211325045323
351044342044554222
4244362415632132100132
2122011
1550564510444001441453444353632244252153534432
22111021201021111111202210
201211012010121022111120021012200222102022111
01000111
01111101011011111011001000110110001001110
4165266351625020023
0000011010011110101101101010110100011
00101100011010100110
3050025531252255063
0111001
101000100100110010110
112020102112212002101120010111121000121112012000
1100110011000011010101111111100001
101110110111
1011100122102212122201112112200102000222
0010101011001001110
1101100
4514
604053210334626434632552
1011000011100001011001111001100111010011111
3353511550312341410130
1000001101
0204612315
05653340251166226124424450106130
14424400
2325434541666161625255446512000013456411521
100011010001011011110010100101111010000111110
100011010
101101010101110
010100001100110010000100010101111110111000
00101010011010010011
1101011100110010100110100001
005611330221651526
011110101010110
23563
220011245000234130552444
2242200505213142531440330131554415414111415505
211
21210000110001
232543
0656560523525505162230
111010001101010010100101000110
01635461455140250341662211602251
2020100102022200110102200012
110001100010111010
1011110011100010
002122002222202211110201101100102110221200222
0426316113405563513
1101011110010000010
6040532103
6040532103346264
04204233023311011004
2422024345104650334
1000110100010110111100101001
424436241563
1000000011110010110100000000101001101
1210122
011000001110001001000101100011000000110
12100110202202010220
1211121000221
2101122212
20112201
021202120000002111201112020212
0204652604045361413506544555342
24163543402413620225
24424430524100311312143
01001010010
02022102
121002020101001111100211102001020112
231014652160630642316216325053242506321
5544503121142431203404542406
220102211101010
511244535042545121
02210012011001210
1111110000011100111000111101001101111011010111
1011110001101011001111
055032403602414
00110210002012201120202020012010201
64464
14342206516342556
110001100000111100010101100000101001100011100
3505464030613012416
1100110000101111111110001101101
62506462460204315032361253645211301101666
02046526040
05632633565
40603501
36
1111000011101110010010101
5360
1000110000101010010011
151216466253422464
04434400
012001
02351345542365154662035504103062044044634036
130
101222100011121022
252
110011110110000100
0100111011000111
0210021010210021221122102112010100202021022110121
021110122121
1602
010100101100000111110000010101100011101001
111000111011110110100111001111101000000011011111
0563263356501455
2415562602205234645
2121202011022211120222
1111100111001110010001111111
10221000000201
0100011000001101110001
22635514354346250445006
1001110000000100100101000010111110
110110001111100011010101
3330315242135040441420
222201
2012110120101210221111200210122002221020221110
33313060543546366651665302265215521542045
10210120100110100011201020020022
0100011001111111100011001000
1444236253
100110000110001111101111
45654
553112114002006163010114040201130
100110011100100000101011011101111010
1011111111
2300015661112255531
3050025531
1001000011
330524166143133602156143305602300610
011011010011010001111101
11000111100011100000001111111011101110011
1100011
102102002002200011
1010101
25432220146153662
100000010101101100010101001000010100010
2405226602444554101364423306146
642624
00011000111010111100110101
43151520554533252653206334444252211363
63330421613333353102215636525634550464624
12210112201021111
5213026
001111010001010101110110110000001100101
1101000100010101000010111000100111100111000
111111000001110011100011
2044303043211142
31112012332131
01001010000000010101011100
01011111101001100111110111010111111100001110
3340536543324324453643553003310243265444114424
11001000010
6230665124355202155514132101562353036
1111000111100100100011101011000000111
464216331445256066341130663460624520
51230506250450505015622
6222143066152112
326111
05260052123120165255440636301635
6314012525
111101111010101111
342046
30211034
2523001353045111024452032402153413310450455303131
012560140
01101101111111101010101100111011110101110100
100100001110011000101
0011110011100111001110000010111000010100
0010100000001100111100100
010000011111100101101011110110010001100011011
155056451044400144145344
544356442514234530600622502442063142120424503
554450312114243
10220121
030461
110110100011110011000111
0100010001100110011001
2221011
23346203644105034645416406201364643040
464216331445256066341130663460624520452135
0565334025116622612442445010
0200003651035522535424101303404002612143151
6230665124355202155514132
00121
01001010001
653
234231422111332320
244206123043600234440
0000421043420301
1200222212210120212022
5055023350331121
00000101101110010110
01010101
02111002102022101000202001111021020
0011111010010010101100111000010001111
36615366202312063434251504343350652230520050030
100001220012211220201120020012200220022011211
1032142003213413302102513142
601616245661
11011
23036
6535
10011101010000111101101111110111111
324312551255152101312
0423014
042631611
0011001110010011111001101
05345234143403353450131135301041333411144501113
10001101000101101111001010010
0101001010
2020210020
011110
01000100101
26611415242666430251325225036312210320
00101000100100101111001011010110100001101
320635
34241046306553352561231
353045020355535015
001000010011
22304231210300302245310105446036613625042332
11304
101001101011000110
3101651511
26633365366521516
012122020121211221011010212111200020002211
4064
5552602243056640512004405140222446355
211212
13
1660124020011
01201
644646646431532653546324466245414223452204525203
11110011100001100
212201201010020202002020010020210011010022211212
3345312565032123433042416346245
3424104630655335256123112505335436460053621406254
2110010022
42443624156321321001325
110111001100000010110110011110101100101111101111
0101111110100110011111011101011111110000111
023513455423651546620355041030620440
1010000111111000000111011001
11100111101011011001001101000100010001000
222021
1605036666
11111000111110011011111001011000000100111
1550564510444001441
10000000111100101101
1101202111120021212220000100211222120120002000
1655112644456463335
00111100000
01122122102000
1221032224444201
342046205113502422060156430653364161314
5324654541
2521360244453643
62306651
11101111011111100001000011001000011
01100000001100
0011110000
523204520200423552002213
0001101101010011010001001011110111010
02111001022200022002200202
521111201113340352150134304442243554241153401134
10011020200222221200220122
100101111010001100
111001111111101001111100100110000001111
011000000101000001011111110010100
00120110200020
2102022020102
3661536620231206343425150
442052551165205016114225466321143410
3323502221552125553405405121423233212315244
16403
33021221
05653366510645250612150021613024223210436465
3626353403156422032665630550120042621526511613
0565334025116622612442445010613002605045663035
60300
0101000101101011111110101101011101000111110100101
010101110110001001100000101001001101110010111101
22134042302114
33021403021422441323235
504210324300304330534032
00121122121122011121
3340536543324324453643553003310243265444114
2122101
1022202001201201120
0111110101001001
011011100011101
45465
10100110101100011000
30032442535243015325203501341510325152430134122
001101010110000010110
100111010111110011100101011100011110111011010010
44251012600224050632421346
1011011111001101110100010000001010010001
1011010001100010011010010001001110101110
101100001110000101100111100110011101001111100000
0412113011
00110101111111011010111000100000101
1001110000
424436241563213210013251535330
4064604544421
2201012102122121001200100
01111011110101010110110010110100
001001001101000111111000100011
54631154522112326360205623132032242
0235134554236515
02666020615261542
010010100001
30500255312522550631005531512533136353
2121202011022211120222111220202102222
0001010111001000001101111101011001110011100001010
11101
4531515
10111010010010011000010001111
4023323444
242202434510465033406526056425433253530225601
3432132014411033243
0552451056650446204
366153
41041313002344242443
2201121
3305241661431
11000011100001010101
11102011002
244206123043600234440104443261
101001100010001001010001
335220535206201125203365546512
333130605
51134
111101111010101111010010100001100
1110001110111
1111011110101011110
442052551165205016114225466321143410010501016452
22212201111220001200210000121
10011100101100001000011010110101111110111001
11010110101110100110011011110011100000111
111201012
101010100110010010000100
2263551435434625044500625643622
101110011011110011111011110
1010011111001000010110000001101
0111011001111
110100010110010011101000100000100111001110011111
0010010011
000100101001
01635461455140250341662
55115446431254015161545116102
100111010100001111011011111101
002220211120002121202111220002112222210001210
4420525511652050161142254663211434100
425524334055552263435134603535341124601
32432
210210111022111100221211021210202000110021000021
110011000001100101010
02022102222211201222100
010001100111111110001100100011101001000011010110
0222112220011102200111022202010220221002
3234404210214441
02010120000220222120120000102122021220221200
6216004256326142351
46315
111111000001110011100011110100110111101
06001433356440
0100011000100111001001110111010011100001
2664260430214432225502663013415
011100000000010011101010011111
521302646565220113
11100010101000111
10100101
121122021022201
2201122010201
101001111100100001011000000110111111
22316
453151552165404445
110101111001000001
00000001011010101101001101110110010111010101011
055245105665044620451334566662154634045266034
100101111010001100111110000001110010110101001100
42443624156321321001325153533
331221165324114
200221200
10110111111000010000001111
1010000010111100100001110010101
225616106
0110011110100111111101000111000001010100001100010
33405365433
60405321033462
4451152413220522425
101101112222122
10222212100011211
442510126002240506324213463234603365153103401034
0111101010110100111000101
01000110010000100110110
211221000122
014324302400303135140122132
111010010000000101010001110101010111101
1101100100110000101001111001001110110101111
1333341314223100
431515
6251463061054402
21000021122210
0400304502135421214325022311255033441443202333305
10001101000101101111001010010111101000011111000
1011000011100001011001111001100111010011111000
24052266024445541013644
11101001000000010101000111010101
3111143200334441550324
33444041356220223632
45334435115202543
0052016
1110001110100011000
03561563610411663316011645
1001101111111010100100011101010111010011010100111
65002304452663605241411050316315
612645
22121222
1101011110110010011011101011100101010110
00220022022121212111
552433311354351500155415
66060425224056634202311343135
431515205545332526532063344442522113633120452445
34342230314
6446466464315
10111000010001000101000001
0111011111111010111110100010111000100011010011010
1001100001100011111011110000
01111010101001101000010000010000010001100100111
0000010111110001011
6166523
55526022430566405120044051402224463555010665200
12000022200002021
00212200222220221111020110
1120111002
33233014535124312004550343324514402150253001404
011111011011000101011100
06040131154202633405616002031424
223042312103003022453101054460366136250423
44453151034006523163146261323161363136312424
100111000000
010111111010011001111101110101111111000011100
0552451056650446204513345666621546340
001111100000110202022210022101020021
2300015661
10210022002110222101211
10111001221022121222
051541524341123402413123545224514521324303021
0100000111111001011010111
000000010110101011010011011101100101110
1000000001101
2123004302103102
042305
100111101011100100001111100000111001
011011100011101110000111
000111101110110101010011101101110010111
0110000000110011001100010010011111101000110
25364425521
203120454615405314160261603431331234
11100000010111100101001111001100100101
0221212012100
20022120
2405226602444554101364423306146044635455301431426
4532225423430555
552433311354351500155415251443040360650364154644
11000110000011110001010110000010100110001110
112010112
00111100000111111011011
00011000110010010111
4064604544421510302406344636352512
2020
30054512145503343041434220450421303112243233431
3132323342021
4445315103400
544356442514234530
1213444
3510443420445542221214512501221441552251153
0405153150314010455130300
23243
4300332431340205463164510404141110550032255033265
36263534031564220326656305501200
1001111010111
0101000011010100101100
101012012010221
11001001
0000001010111001111110110001010011101
0235134554236515466203550410306
011111100000100101111100111011110000111001
010101011011111001111011011010011101011110110
11101010100100101001001100110
20102112
52320452020042355200221330450332551025352250055
001010001001001011110010110101
350343062544460
010101001
11111010111
23616060631
20202100201002202220221021011102211012112021110
101222222
1302421116554262144232303533034436303316
0010110011011111011110110110110011001010
11101010111010011000101100
3420
46421633144525606634113066346062452
1012100121
2440123341015054445503540323055422432555
51230506250450505015622504644144223641
1122002220222211002022220211012200100100201102
202101012100211000
10122121221120222100202
2263551
3626353403156422032665630550120042621526511
101000001100
201222122000
100001000101101100100001011010101010101101
232101132124243551033321
1000110011101000110111111001111
001100001101110100011110000000101110111111101
0434042131443330
33522053520620112520
561630305253205600115452414021004425323005455
1010011000100010010100010000
0210204
01000110010
6333042161333335
1011010101011101100010010100111011
2211012022022001100
5544503121142431203404542406666165
21240433206056510460
12201101122200102212202101
4343332034
111100
334531256503212343304241634624
364165425130431450521523301122
1100110010000101010100
46036
110001100000111100010101100000101
110110100011001010
1011110001101011001111100000001101000100
00122222200201222002
001000010011010001110100000111001011100010010100
0024244222134000220
6250646246020431503
2416354340241362022523633541415204011
353020301334113132453103
102201211011200000221021102121
1101111000100110101001011
12101100011001
011110111101010101101100101101
0600143335644041346246212
4511013113041210153323320301
3124631615062605216662215043
01012
15505645104440
0001011001110010001011110110
440223302004224241
020201210112200
01200110022211021201
101011111000001010010110011100110011111000101
11100011101000110
2213404265235
1010001111101110010101010
0266602061526154201056114063163110321
64464664643153265354632446624541422345220452
5213026465
02046123151660134063603515162221341302425065655
1544
5463115452211232636020562313
233462036
05653340251166226124
3424104630655335
561144311544634336445644642552200354
40
0000212102210112120102120221220122202020
11100000010111100101001111
33405365433243244536435530033102432654441
32222340552332100220254
20111022222220211001
234
400443243321200430
212022
0010102211001
101110100100100110
35125521343353102501
52002
20010210121010010200
031141502040444425550
122011011
012202102011210112
00111001
10010100100111011110001001001111000101
2344033134566664253335034005203225525
0122001222212102112102222011001200112121210
442510126002240506324213463234603365
61002
54631154
0011112001011020212020200220
01525205402113142314053
1111101010111000111010101010110
011110101101000111111100000000010001000011
4603610105140345605
02666020615261542010561140631631103215242243652
002122002
0010100110111000001011011011100110010111011001
10000000010001010111100101111010
33144010432133011
10000110111000111
4305243021512333004201330
01011111101001100111110111010111111100001110000
512305062
11001100001011111111100011011010
1000011100010111111011110110000010000010010011011
6333042161
460361010514034560505431235562304415403
1200222
0134400334341121023
01212202012121122101
21402
101010111001010010
625064624602043150323
5611443115446343364456446425522003540
30500255312522550631005531
22202010
00000101111100010111101011100101101110111000
3331306054354636665166530226521552154204
01010101101111100111101101101001110101111011
4244
11010100001100010101101101010000000
1120201021122120021011200101111210001211120120
10215102221320234452345
0665426143314402625
305002553125225506310055315125331
112202100
101111001110001
20001002211
3533320552254311010222
10101111100000101
4301132244111020
163164126404241554
020221022222112012221001022212101002021102
13351325122103535225
520542430542304521013156456665
11001100000110010101000110010101
2200200001200
001010011010101101
26642604302144
02351345542365154662035504
43151
000010010110011000011001011000110111001010100
603005442
0011111101000111011011
10000111000101111
1111101101001110101001101011010
3515
660604252240566342023113431352610314666
0200200102020
62506462460204315032361253645211301
00105323253101620544106652335242000035544616554
2510433156106133
01000101001
200022102
0111110101101111101100100011011000100111
220011111
2120333014
45465103451030323
11010111101100100110111010111001010101101110101
0010000111101110111100000101
444531510340065231631462613231613
24420612304360023444
242342142220134201
132364
4552231450440243204
1010011010110001100
31111432003344415503240
011000110111101000011100110
45315155216540444
0565336651064525061215002161302422321043646
41242302340324
4423013100001334
10001101
36032
000101001001111010000000101000011000011010101101
01011001100100010101
210012212210
000122102000001
44552214466222
00111110100100101
00111011110100011100010110
441321024100200
1101000101100100111010001000001001
1001110
23254345416661616252
2656254451430613203430
52054243054230452101315645666542306365141
011010000001
00111100000111111011011101001100110000100110100
430033243134020546316451040414111055003225503326
12020120210201
633304216133333531022156
23346203644105034645416406201
026660206152615420105611406316311032152422
10001100010101100000010100
4321055515215
333130605435463
21121110
5544503121142431203404542406666165135261566
1000000101011011000101
0022111120221210201210111000020
001100001101110100011110000000101
121210000012211020021001002022112221212002000101
1002221012122020200002001221012022122211
201240102010010
10110100011000100110100100010011101011100
334053654332432445364355300331024326544
1111011111101111111011
0011110100010101011101101100000011001010000
6230665124355202155514132101562
3045012041150423124444
3420462051135024220601564306533641613
100111000111001111101010001011011
05524510566
111000101101111001110001
0111101010100110100001000001000001000110010011100
13325
2422024345104650334065260564254332535302256011400
155500615544050110320662202331461
211212122
332330145351243120045
2211102
1605036666613124302020126431416103415636103
52500014304
433544132204115414042544045454523312452
0424024040214224130551515121014355503024110550541
5131146401660256445245166445005616230
41533251031151253012240
0163546145514025034166221160
056533665
3441524461
45315155
33535115503123414101300
60405321033462643463255204415634623634306
110001111000111000000011111110111
111001111010110110010011010001000100010
244206123
1202222012
0101010001
0204652604
6250646246020431503236125364521130110166614
10110100221221
16050366666131243020201264314161034
101110110111011001011110100101111000111100111
4223300050001253401241013233
25320451231125254151
0204612315166013406360351
01000001011111000110
100000010001000001100000011001111001011110101100
0222001120202
0010110101100010101
2000021120111201200122202012022111000101220002100
20001000012221202112
55311211400200616301011404020113061340646
0054106652
55526022430566405120044051402224463
226355143543462504450062564362264660000530032
120121120112
010010001010
000335442024552545320335300510213533051421321401
244244305241003113121430
110011
200112012
36424
333031524213504044142
51311464016602564452451664450056162300
00211002200001
10000010011
00002022002010
2664260430214432225502663013415601055110560
110421
44251012600224050632421346323460336
0211020102
1605036666613
101020
111010
101011
111100011110010010001110101100000011101001111
244234354412143251
1110001110100011000010000110111110010000010
6500230445266360524141105031631512336550
43151520554533252653
0120011112011112022102012111120221100121210
3120255351466114544431323321
00201001
11001101001110101000011100010001011100010
0011000011
22112222
6520035314
16554436503613610
2442061230436002
060014333564404134624621222410311614
1302421116554262144
401434342241403
1323
00110011
000001010010010101100100000100011111
010010002
2122102200002
0000111100101000101100
0001100101011001110
0200003651035522
44251012600224050632
10110000100011110011110111001100000101
0111001000101111000011101001110010011
12662631142601254463300300022214341322420163353
1011100011010100101000110100010
0100001011
5213026465652201130
100110000110001111101111000001011010010
2523542423124331421331154135032300154440501233
52054243054230452101315645666542306
11214
432104
3111100542313435121241453512314210551024120245414
052600521231201652554406363016354262052161322405
21140042
200112012222101222002210001020020121121201221
0010000001001010010000010001001011111100
65353446636215033140423
22304231210300302245310105
20020
211220010
0011000001001111010101100001100110101100110110110
001403333124022411
3120255351466114
2010120011102021
211220122001
50306
5611443115446343364456446425522003540663
0100011001111111100011001000111010010000110101100
65262602
21343432401142
0202210222221120122210
011001010
0012110202
00101000100100101111
121110112212010010201112
21140042431010062542650012200422042004133042
01100011
425524334055552
46036101051403456050543123556230441540336552162
002200
1001100111001000001010110111011110100
00010010110110110110111110101011
100111101011100
420142124331403
00101001101010110110111001110110010110111
4425101260022405063242134632346033651531
441012110334444030
00110001010111111111011010110000101101101
42352440263555421424426
305002553125225506310055315125331363534104231
11101101100111101001000001100100111
02100210102
05260052123120165255440636301635426205216132240
100101100101100101011100000011100001111
51340220064426433
202122
11202010211221200210112001011112100012111201200
265625445
10100112111
56163030
46421633144525606634113066346062452045213564
1200011202000000
211110102
1423415442524134
1210022221211221110211010221211212010021200
000000000100101011011111111110011011
0000111010010010100101
111101101001111110001010001100110
442052551165205016
1605036666613124302020126431416103415636103324254
0111111000001001011111001110111
2022002210121211200210011012
2065124623660114
12100222212112211102110102212112120100212000
0110101110011000011101101101001110010100011111111
11011010001100101
1100011000001111000101011000001010011000111
2661141524266643025132522503631221032
20312045461540531416026160343133
11000100210211111211002011210
314042
305002553125225506310055315
1121012022202212201210002
0011110000011111101101110100110011000010011010
06021161201204346523
406460454442151030240
160503666661312430202012643141610341563
11111100000111
235032213030432514251253035320115535051433001404
00011101
4642163314452560663411306634
4060350155653601115244333555564252122405
11101100010001011100001001110000
2661141524266643025132522503
100222101212202020000200122101202212221100
1111011111
423
110011000
113103
1110010010110110010110011
1323645
00011110
1110100011100000011
0201012000022022212012000010212202122022120
2102220
132233542334415041103
4603610105140345605054312
10000111
56163030525320560011
121211101020211012
254322201461536623633034625
001111000001111110110111010011001100001001101
11011010001111001100011100
111101100001111100000101001111111101111011000011
1302421116554262144232303533034436303316030510330
6250646
546311545
0001010111001000001101111101011001110
65002304452663605241411050316315123365505
335220535206201
02046123151660134063603515
1100101010000011101
000000110111000111001
1222200
10100110001000100101000100001001110100111110
26254
10111
10000110111110111110001010010001011111000011
021010211202202022212122200111120222122
4235
1546600351204446325055520314453335411425223564001
00111010000011010010100
10010110100101010001
30344231103
33300022445144542124254304355551452355
10100111110011001100011001001011110000111011
4420525511
010100001101010010110
0204612315166013406360351516222134130242506565
0101111000101010000111000111
10022210121220202000020012210120221222110
111000000101111001010011110011001001011011101
3204
122442301
6500230445266360524141105031631512336
010001010001
010000100110
1222121222101211022112220020001011112
0010001100000110110010010111101011101100
0512506
0111101010110100111000101111011101011011011101
0001110000111001001101010111011101111010101
6606042522405663420231134313
2661141524266643025132522503631
0111101111010101011011001011010010011110011111
110011000001100101010001100101011110001010
2000221022022011000120220001011022221220101002212
24015002
111010011110011100011000011100111010111011100111
04304142434212
055245105665044620451334566662154634
12413205423153325500205443503255115015013141214
01212122200112012001102102002
1010111110110111000011110000111
24220243451046503340652605642543325353022560114
4134424305514132210103045454403040515053113004311
00011011010100110100
12211100222
0111011110010100
11010100010101001010
3661536620231206343425150434335065223052005003055
312463
3345312565032123433042416346245430102
1010000111101101110010011100000010010000010010
11010100001100010101101101010
10111001101111001111101111
32333
623350
5131146401660256445245166445005616230012036413
551154464312540151615
0043200443234244
03430113404062102
24052266024445541013644233061460
011111011011000101011100010010100010001
14441203113211324034
1323645121050105536313624551441131105442006
010000100111111001100011010000101110101
01011110001010100001110001110
00110001011111101010101000111111
100362006303
335351155031234141013
406035015565360111524433355556425212240
621
213042223401
12030301202
1110100
44453151034006523163146261323161363136312
110011000110111110110111101010
0000010100100101011001000001000111110110110000010
000021210221011212010212
10000000011011100101010111111011011
0552451056650
06040131154202633405616002031
22020111
053452341434033534501311353010413334111445011130
1110000001011110010100111100
0110000011
022120102220221
201122010011020222111101
1001011001011001010111000000111000011110
1101000111110010101101011110010001
34134042000102
010010010001111110110110010110010100100
01111000000011101100
40646045
0100101001001110000011100011101101111110111
012001111201111202210201211112022110012121
523354154244333201
60161624566140002062020604244525404011646411
55243331135435150015541
112222110222122222
2223312423104202001
242202434510465033406526056
02021211111101
01100101101111110100011111101001101011
0001011100011001000001100000
0433501325212150404405
0111101010101100111101100111101101100110110011
03561563610411663316011
2543222014615366236330
0211100210202210100020200111102102
0100100022102220100122000212
20202021120120202
0120112020221
2225104003013520215402201331
320635322522063302353364033230
255022232141
11001010
101100110001100001011001110000101101010011010111
0565336651064525061215002161302422321043646541
0110001101101011111010011110011
1001111101011101111001011010010
1010100110110110
100110202002222212002201221220020212120011012
11033224221424300
633304
33305
232543454166616162525544651
400230022034202433
0340100344140
1253663134012263322014264011406
0000111100101000101100111100110101011101001110
16050366666131243020201
222111000
12100202010
0010000100110100011101000001110010111000100101000
0010101001
222121020222211000101
01111010101101
011010111001100001110110110100111
0101010010
05653
1101110001101111010001111110010110001100100
0356156361041166331601164
12662631142
5205424305423
010021
01001110010101011111100001011111
24220243451
11111000111110011011
10442003
1110011110101101100100110100010001000100
00101000000011001111001
023513455423651
1000110100010110111100101001011110100001111100
4445315103400652316314626
1101011110110010011011101011100
100011011010001000011
10110000111000010110011110011001110100111110000
52063615141
64464664643153265354632446624541
11001100000110010101000
0001100010101011010100001100001100000010
0011011
1550564510444001441453444353632244252
45465103451030323244
43151520554533252653206334444
2201202111121121211
221121122111200
135420351313431023424
001100001101110100011110000000101110111
0122120001
101100001110000101100111100110011101001111100
55115446431254015161
211211202200210020
00001222000010212100
221120001
312463161506260521
000110010101100111
010011010100101010101101000010101010001101
00100001001101000111010
05632633565014551111254253605260110224325435225
5515411654553142116062564002033103603
22210110101112011210112020021
11000011
110101111011001001101110101110
1010100100101000110001
330050144211020533535252231534335213535330231
11210120220121221121012111221120222121
0100100000111001010010110011100000111010110
0110220021
364463050122440
40603501556536011152443335555642521224
00000101101
2201202111121121211120010022220120000000122
11110
13034412104240113
1100010021021111121100201121000
622214306615211252211062013165
10220121101120000022102110212110201022112022112
5531121140020061630101140402011306134064634242
206510
0110000001010000010111111100101
5345061014005
00001111001010001011001111001101010111010011100
4233020
521215203554132320152
011111001111011010001000101010110011011101
34241
001111001110011100111000001011100001010011100110
01010001011010111111101
2411131424240
100101111010001100111110
366153662023120634342515043433506522305200500305
0021202020
0600143
0414003421230
33405365
101001101101010101001001000011011100001001
11101010011011
110001002102111112110020112100
111010010101000110010101011
6040532103346264346325520441563462
00011100111111
0565336651064525061
2543222014615366236330346254553156250545442
54
1221434444241300032
022221010220222100000202020120111121102112
2002212
031331041230314
110101110101100101100001110111110011100001
0012011020002
00011101100001010111000101011010101101
111110101110
104232334321555424144242341053434543154
5443564425142
101010011011011
111000111011110110100111001111101000000011
4255243340555522634351346035
21000212001100002102111000222
10010110100001111000001010111111000111010110001
60300544261244224
53452330531243236
220000
2401500223
266426043021443222550266301341
0011101000001101001010
0356156361041166331601164541
110012001102221
3641654251304
001111
01111100011101
101110
100000000110111001010101111110110110110111
111111111
01001001000111111011011001011001010010
1001110000000
110120211112002121222000010021122212012000200
25003024512
1101110001001000011010011011
1000012
34204620511350242
4311310100
46421633
56114431154463433644564464255220035406630640
60300544261244224613
62160042563261423516534010623210415656
63
13236451210501055
010010000011100101001011001110000011101011
000001011011100101100101111
4402303455044113043013
1001100111001000001010
02101
22635514354346250445006256436226466000053
1001011
24525326654
1041242
100110011100100000101
01001010000110111110011000010100
10100010010011001011000
112020220111102202122020021001002011021100122
320301
0001110011111110001001000100011010111
010222201020200
10101001100001101111111
464
101101000
36263534031564220326656305501200426215265116135
0121212
2106064
54045565
031314043343
3453021416
10101111101101110000111100001111010110111110001
112101202220221220121000210012201021011020102102
554450312
00222012201221110222222002122202021101110
240150022310506406126361045110142056401
