
101110022222110
0111000000000100111010
0222012011021101101011020222010220210012220010
411213531241423154253124123550105402455
01110001122111010120
010222220022210212022202122002220000211020
0011000
665064024166105
2442423243133130044005
34145552630331234125
0100212120200000011012111110102222101101110
223235661154220
5042103243003043305340325133455
56031613515
121002121210100200
1111101011100101010000001111011000
02121011000000220112000
22211122210
1110011100
221011012121110120222012112012101102221200010
441233513200
641545963991A561252551981A
000000011110
603005
01110100011110010010
31246316150626052166622150435
6385
01011110000010001010
111011110111111000010000
010010010010
100111000
7168886A
111100011110010010001110101100
1010101110010100101010100
14257992839540
011000110
011001010000101110
102101201001101000112010200200220
4340124214022403400
0100000110210
052187279281750
10000011011111100011010
3206353225220633023533640332300
017415
01000010111010
01100001101101011010
11000110000011110001010110000010100110
2210120211112211222011121100000122021120111010
454334064515
83A9B1220005915190662930BA5705630608B0
33433405444311342401032250542411500222325
1101011100110010100110100001110
1111110010101122110
220266211365310620
000000011110011110110
73398A42058A66913A150A3190546AA918001292A
4A28758A
20080
000001101101100110000
444531510340
1012110
2201010222220220
0100000010010101010100110111011110001001110101110
000011110
01100111101001111111010001110
2A
000001011111000101111010111001011011101110
20122111020110
6984809966654915293A795A958A874270
110010100001110001110111111000011000101100011010
2122012010100202020020200100202100110100222112120
A28A49515
1021002200
2442443052410031131214300
10001110100010111001001100100011010011100010
2122012010100202020020
2820
00212100
0111011201202121101201002111020
11202002210200112222112102200011011112222100010
4221205110101305
111010001101010010100101000110110
554450312114243120340
1110010010110110010
13024411040042110420
2220001002212111222221111021210010202200220
034342130
0002202110011101220
01222111020
20000211201112012001222020120
14004243413040330
22001112011012020
00102111200020222202011120020121221202200012210
101001100112110000222001012202121022222201120220
11100111001101000010
1101101000111100110001110011101111110100
01000010011001100110
010111100010101000011100011100
00000101101110
001000000100101001000001000100101111110
110101020100021121020
1011100
00101000101010101100110
621600425632614235165340106232104156561233060
110001100000111100010101100
11120022102220
00110001010111111111011010110
2551230042255
242202434510465
394A680A7595545A1824159127268046A9834A
10000110111110111110001010010
254144566661346230
65C842026322B24298C525C6B698A
0010000001001010010000010001001011111100000
417210B5A90616C0064C9BB0B9980270
02012222120200
01100011011110100001110
1605358901204A0
011001010000101110000
101110100100100110000100011111101001111000110100
0000212102210112120102120221220122202020021100
093A4436A5
101010100110010010
02110111101110000001012010000
01000001111110010110
02121011000
1022121110202001111011100222002211010020121021220
01100101000010111000
10100111010000
06775243214535
12011121122200
11837189482210825647141511329A710
201211022201012110222201020220112221010000201100
1101101101111000001000010101111110100
00000000000000000000000000000000000000
0010101000010000010000100111011110100100000110010
2201202111121121211120010022220120000000122121220
554450312114243120340454240666616513526156614140
1022121110200002212221122222122201010210
10011001110
2010111201210001120
1202210210002101100
111010101001001010010011001100000
58155
00222220201200002100102122100100
240342322362536205
110011110110000100001000010001111000010011111100
21020020210110
24341440
00110001010111111111011010110000101101101111100
1424012541440
3014315540202411430530120
112064411351100
011530505543414535
01100000001100110011000100100
110000110
00000001011010
46800
2102211102111010
5130555345451523441211050420
1011010001100
121110112212010
551154464312540151615451161022535
2120012010122110
01116205
4110A5847779720924797660415
0000100101100
414313110
0000212102210112120102120
1011110011001100111101110110
11111100101011221100
1101000101100100111010001000001001110
1101101000111100110001110
1010000011000100101001110000
011111011011000101011100010010100010
000111100
222122121001020211202112211020
42622123001555651350
00110001011111101010101000111111110101011100
10101010011001001000010000111011100110010
001111000
2222200
56365412362610255
11100111111110100111110010011000000
210210111022111100221211021210202000
1605358901204A000
301431554020
1A3C8B05B80A2883C2A29B918A
11212021211020
110110010011000010
01021110
1101010000110001010110110101000000
02110111101110000001012010
10010111101000110011111000000111001011010100110
111001110011010000101000100111010
02102222210121220
110011220
122102010210012201212021021111210020102000
1430615235324500
1121221211110
64281850311A639A8982082111A5
11111111110
1110010010110110010110011101101110
01200112002100102100012200100211212221010211010
11100111011101101110110100101111111001110
3657698A4326883A784649B55C5
11100111011101101110110
00100100110100011111100010
111010220
111100101110010011101000111000010111000101111010
3222234055233210022025411002003454203224235045
01111111001001111011100001100111000
21222002011011010
12121000001221102002100100
10222221201010
352435500050
211002122112100
01111001100
100011011010001000011000011011100
10000221010202222121201200222012201110200220200
304501204115042312444421433355
1020200222102220000
20111202121200100012202012012100020
101101110011101010110101001001010000
6A9061534088621676207916865
2011120212120010
1010011000100010010100010000100111010
01212011210122000
000101111010
010001100111111110001100100
11100010110111100111000110110000110101111000
211022122221200220
22212102022221100010110020221022220
011000011011010110100
0111221102012010201201022200200102012022212202000
30450
100001101111101111100010
0110111000111011100001110
31544560631165
110110010011000010100111100100
002135234130141104325355354142314531213240
100111001011000010000110
0011100111000111100
12021211011000
120220110212020
11111010111001010100000011110110
110100010110010011101000100
120110100122122000
6153A5014B23659935CB79539C8A
20143534213235445402451533103344133154332455
211220
31111432003344415503240133044335
01211110120112110
1011001100011000010110011100001011010100
0120221022220
000000000000000000000000000000000000000000000
0001010101011000101110101111000110011111001100
431223554055005215
0001111011101101010100
201001202011000012222202012011120022212120201020
012001111201111202210
110110100011110011000111001110111111010
02111001022200022002200
020461231516601340636035151622213413024250656555
155056451044400
1202110210010101011010
0111100011011001000001011100010011110101000111010
2011220100110202221111012222200100211010
221011012121110
241220430
201112021212001000
0010111000100000010
00260243605
22012021111211212111200100
1042636085802852390
100101100
31202553514661145
12865
00000101101110010110010111110100
111011100010100101010110010100110100
02046526040453614135065445553420
344230012010
22212100222102010011101202020022101221111220
1000012200122112202011200200122002200220112110
224413410122254013020202121453335105
00111001110
417210B5A90616C0064C9BB0B99802700
03012200
73A80973A12864635A8041A25
A
12000112212002022110
11481B97645708878C65917B1746A
1012101020022110110
00121122121122011121221100222000
0222121100022001001022122222101212202102020
22000110211021121100022211100122002202022210120
99A692A7393652569147A
10180
10111100011010110
11002220
000000111101010101011011001010
20200112002121221102002101120021210222212110
1111101011100101010000001111011000110
100110011100
2102101110221111002212110212102020
93243048653097764400
101001110100000111100
1010010100
110001100000111100010101100000101001100
1011001010012102012202202120121001102112112122110
0110001001001000111110
112002200001120000220
1100111100000001101100
3A3238342AA876280018881755
8AEE1124BEA10
2442061230
1110000001011110010100111100110010010110
21210
5112445350425451210
231100133466165
20220100121010
03320260060
1555006155440501103206622023314615
010100101011101000110100010
10210
112220111222102201101012121221222102110
55332355425134152233522324243222115
0210110112221020
22100220201011210000020102212201112211122101120
110110011101001011100
4165266351625020
02210010
1110101010010010100100110011000000000
040231511302112123233430205
1110001011011110011100011011000011010111100
1010000110010110011111000000000
1010101100111201012110
2201002022120020
0111111100100111101110000110011100011010010
20010122211220100021010120
1012201111202020
33390
2020021020222012110102101121200010021222212200
9070C8C511806B192378A813244CB090
11100111011101101110
000000000000000000000000000000000000000000000000
010000101110101110101100000110110000
1010100110000110111111101011110111010011011010
020170
1001011110
31800E501895A
1021012010
0110000011100010
25243121254500452430
1000101010000000101001010100110100
112120212110201222121101022022122212010
00101001010
5241635
30375
01101101001101000111110110101101010010101100
2100122212010200020122100
518A
01200112002100102100012200100
101000001011110010000111001010110000000011000010
3244022204340400310
1011100222221102210100210201110212002112212001100
011101000111100
43430330431022155511010030
210210021221120200100200121020
1110100011010100
0212020210110
110000100221012002120
143401210200
1220101220201110
9A764300045087567937302830637747325443A982A
1110100011100000011110111111001100110111110101000
55154116545531421160625640020331036036232020
20021100100022110212210210012012120201222102120
21220120101002020
1111111100
0110110
00001001011001100
17075CA35A76437882633137BB22A280
1110100011010100101001010
0111110011110110100
0110020120010210010001100110
10102012102021120
675
3247801129715508560
0220222010120211221222002110120000111122220
03114150204044442555
122120112202211021021101221202010210021200200
200204124010
265625445143061320343020104254050140233101160
38690
2440
840398007980181A43458A28435
1011110011100010100111110101000101010010110010
02000012212100210020
01001010000000010
0110000000110011001100
220101210212212100120010
0000000000000000
111111110110110100111001011000010011001011100
11100010101000111010111110111010001101111110100
000000000000000000000
12200120222200
0110010100001011100
101110001101010
1110011001111111110
32375
0221122111210
391401113165582770
22121110221211011012001021212111120121012110
14011340
102012202011122111021110112012100110200220210
1112121120
1101010000110001010110110101000
01011010111001010101000101100
12850
01120
0101001010111010001101000100
2022111101021021001110
1101101101111000001000010
00001110100100101001010111000100000110010110
000020000
0010010011010001111110001000
10000110111000111111010010110101111111110
846AA1465
1110011111111010011111001001100
01110000000101011101111100010000011001010110
1101010000110001010110110101000000011110
50180
11011001110100101110000010011011001001100
001110011100011110
54063436264264604320
001010101100100111011011101001001010110
C40
01111011110101010110110010110100100111100
1001001011010
0100101000011011111001100001010
020101222102120
222100120100022010
22012220022010
01514205135245330421030
0000010111110001011110101110010110111011100
101111000110101100
0212101100000022011200012111211121002110112110
001102101222101020
101110110111011001011110
112000021100022122120222111120111000202020210220
6066431413615466325
0111000000010101110111110001000001100101011010010
221002202010112100000201022122011122111221011200
0010000111101110111100
44251012600224050632421346323460336515310
000001101101100110000011000001100
11111011010
01101110001110111000011100000101001001110
45005
01100000001100110
01100001101101011010000000100111011000
0035150302145432053100454343543042413235
1211101122120100
43045164153000
04112314005015041311021343140203504301520
10010
423524402635554214244265
20001002212012100200
111010000101000100100
00120012210221112000212111111021012110122110220
44021424423200400
55526022430
212201201010
6030054426124422461320662315
02221122200111022001110
6165016905A64535A6812443A0165
521302646565220113044121024052021635260
02221211000220010
101000011001011001111100000000000
10210120100
330210412240
11110120001110220200
2100112112102200
30500255312522550631005531512533136353410
10212210022210
00011110001111010001100000101111000
31322250214442110214505
952C40
111110101110010101000
BB489505088A3566B48A2B03853A
111010001101010010100101000110110000
01222110100
221012211220
0110010100001011100001001110100011110100
11100100
236100
1211201021220001021010
0757760
1120000211000221221202221111201110002020202102200
1002110000011100101200
000001110000010
51230506250450505015
01101110001110111000011100
101110012210221212220
101001010010010110
1010000011000100101001110000110
00011110111011010101001110110111001011101100
12220212010120
35680
02010122210212000
2211120022120
121120102122000102101012212201220111221021122010
110110110111100
0122200120020012210
213141351410202534211255000125022111502115415450
0110001011101110011101100
12410
1111001011100
101101111100110111010
222220
0101111000001000101011110110110010010000
010111100010101000011100011100111100
5131146401660256445
101000011111100000011101100110010
111011110111111000010000110
3A3238342AA8762800188817550
2000021120
21010102100012011120
000221010
10011000011000111110
4420110
2221221210010202112021122110201120012110002100
002200110012210220
11111010111001010100
010001110
012120112101220
2201202111121121211120010022220
261523430145
31800E501895A0
01101110001110
10111100110011001111011101100
21120001121010
229868045
4390
016354614551402503416622116022511162145
3222234055
54303254520352043321511222245
5122253232403132221234505154514523345
0110000110110101101000
1100111101000010110001111101110110111010
60965
2202101112000100112220122010102212100022221120
653511421035
41121353124142315425
11212021211020122212110102202212221201000
00324330320260
1011010
1011011111001101110100010000001010010
011000011011010110100000001001110110
11001111011000010000100
34540
21122220
03403200
00A5657737535A516A1001A32A628709617148881570
12100212121010020
12212011220221102102110122120201021002120020
20122022012101200
000011101001001010010101110001000001100101100
042421202003033420
11111100
01111001100010000011110011010
102210102221102111022012201100111110010211211210
11010110101110100110
10011100000001001001010000101111101111110
13260
220112121102020220121202112112000120100211120
1120201021122120021011200101111210001211120120000
110011001000010
1010001000001001011100
2B89C6C7883BB4A1C4116B042A
120211021001010
11011011011110000
00100100110
10100111010000011110
011000100100100011111000000010000100110
A3A334979905573729197A
00010100100111101000000010100001100
743965AA
101222121112010120200111221110202202022002020
200110
1110110001000101110000
111110001110020012120
01111101011011111011001000110110001001110110
3352205352062011252033655465124425
11001100
62310
28730
8380AA5938870052611A98650
220000002012000000001022110
121220210101120
00000101111100010111101011100101101110111000110
1159855000875
102222102020
200002112011120120012220201202211100010
00000110
111011100010100
1110101010
32110030
010101110110001001100
22210110121120
0101011000010110000101111111101101110011100111010
221100021202012101122222111022222112110
36315
3302141504234323541244154121420
0
10685
3331104242340
111110101110010101000000111101100
00100000010010100100000100010010111111000000
00210220220212110000
10110100011000
101001100
011001111010011111110100011100000
406035015
31438356198961BB9454BC437A6A
77287A69843545B4251988B8CA
45865
001021112000202222020111200201212212022000122100
12000221220
1001210120
2201010222220220122210
433556126264406005
1110011101110110111011010010
100010101110110101100000011011001101100010
1100111101000010110001111101110110111010001101100
01000110011111111000110010
001221220121110110
31800
1002110000011100
6387012585286034A6A02A56195
111000101101111001110001101100001101011110
2220120202202101102001201220012022201211120010
001011100
1100001101101111110
01010111011000100110000010100
2201200011020210
18010
50873356874182958940
100211000001110010120
056533402511662261244244501061300
22212212100102021120
32022200151002532544425
1001000011100110001011000010001000010100010111000
0110000110
05653366510645250612150021613024223210436465415
1010201210
11010111101110
0110110100110100011111011010110101001010110
0000000111100
21201122011011001020
02101012221011020
41320
0002201122202200
100011112211101010
55150
2442343544121432510
1605358901204A00
10110111111111000010100000111001110
000000000000000000
480
3169329795
01100011011110
00101000101010101100
10011011001010010100111110100010000010111110
0011110
20210200002220120
60875
178A3BCC3296121B4C7513C6285640
00111100111001110
45465103451030323244655124165
011111110010
01111101011011111011001000110
111202202000111100010
1110111001011011010
200002112011120120012220201202211100010122000210
130242111655426214423230
20121100202110100200
000000000000000000000000000
1111101011100101010000
2422024345104650
51230141155
0440050443364150355
11110011110100011011111110
AA32694370
200101222112201000210
1330115314324025154130323223535
11111111000011110010011110000111110
210011211210220
40321406261631614435
000110110101001101000100101111011101001010010
4686945A1944335840164979207187735514330136375
00100100
E995457EA9D276A08AAAB47A
10210120100110100011201020020
341622016645
120010
120002212202112101221001221201111021002000220110
000000000
01000101010001010
40075
0011021012221010200
0001010010011110100
0010000000111100000111110
0112002210101111110
1000110100
011000100100
0024203100
0011000001001111010101100001100110101100
0100100101001010
13024211165542621442323035330344363033160
101101111110000100
100001101110001111110100101101011111111100
00000110110110011000001100000110
1110011100110100001010001001110101100
10110100
10201220
11100000010111100101001111001100
44123351320
1220021212002002000211000001221100101020
848A545A
12122000220
1110010
1220101220201110000
10022112100122220121202002112022000212112110
10100001100101100111110000000000
214320
45456A05764028A0282A52088633977503985941A
026660206152615420
44204402143000
010101110110001001100000101001001101110
1101011010
1102200011010010110
1001220212220010
10011100000
34011144255513421215
11011011011110
63980
21112000222122122122122112211100102002010
000000011110011110
99AB42354038191A9847626046472B540
11001000010010010100100000
5550251340
000111100011110100011000001011110000
010010100000000101010111000011101001101011110
01111111010
011530505543414535320011000530335
010100010110101111111010
0110111000111011100001110000010100
010000100110011001100001011010
01011110001010100001110001110011110
63654644154521460
05271748710
011001010100011110011111101000000
000000
102101201001101000112010
000011110010100010110011110011010101110100111000
100110000110001111101111000001011010010010
011000001110001001000101100011000000
11111010111001010100000
8240
1101101110010011111101000000001110110011100010
25243121254500452430224433440
11615
122221002100210
101000001100010010100111000011000110010001110
0110000011100010010001011000110000001101010
1000110110100
101111001100110011110111011000
122102010210
1011001100011000010110011100001011010100110
1605358901204A
0202221012202111102011012221002210201020002101200
404263610
001010001010
1200220210
01000010011001100
57895
1010011101000
100222101212202020
0010220010211112020
4445313620
0110011110010011010101111110111101111000100
3330002244514454212425430435555145235542221110
2112210222100
310365
00102210
111010100110110010010101100111111000000010101100
235522544224155220500453305
2105
120221021000210110
1011102000
122221101211110110120202201222200201021220
7761041822742A0103A87A1795A
101000020000222100012000110
1101110001001000011010
00000000000000
01011111212120000
10100011111011100101010100100000000100
031635601043246150675
01001110010101011111100001011111100
604053210334626434632552044156346236343065
16285
020222101220211110201101222100221020102000210120
110
10100001100101100111110000
55040
8A9163081389579232A71A5230
430224324224032140525315021113525042541520
111111110110110100111001011000010011001011100110
555301221100400143532000531451541220
0100011101110000110000100100101000100
011111010110111110110010001101100
30302202200440
22120012000000112200
111010001101010010100101000
02666020615
220122120111021101122121020010002200121200022020
000101100111001000101111011000110
10154420250220
2532045123112525415152114135344130213244313114525
0100000010010101010100110111011110001001110
02220120110211011010110
1111001111010001101111111000
0143243024003031351401221320
111011011100000001101000100100000000100
001110011100
0111010
110010100201101012220
0010110011011111011110110110
111010101001001010010
0000010110111001011001011111010010000100100010110
11001101001110101000011100010001011100
1101110011000000101101100
2186369952444816963118774A02485A9835278140
0022222020
1002221012122020200002001221012022122211001210
20104220100
021011002010200020
01100000111000100100010110001100
221100021202012101122222111022222112110101020
110011010011101010000111000100010111000100010000
000000000000
6215807BC149A69A3CC5650048945
1222110020111112002010201102101122112201001202200
2011220
0111111100100
1010000110010110011111000000
222121002221020100111012020
7A83471C71BAA08C0A5C7964A
301431554020241143053012020430212534344303135
33462441114160
33405365433243244536435
1350A062071A1465273A4A141182656A159341797454A
1010001111101110010101010010000000010
55634430
02027350245
100101101000011110000010
2004322503345540
0111100011011001000001011100010
02200
01202210222200
220101210212212100
241310341341120
222000100221211122222111102121001020220
77523730034429729400
1102110211102012000
100111000000010010
102100220
21614362435316501500
0102101002111012210
24555625
11101110010110110101110100
00010010100110011010000011101001110001011111010
00000110110110011000001100000
00010110011100100010111101100
12200212120020020002110000012211001010200
21122220002000121120120
10012430240340
110110110111100000100001010111111010
101100100002110
056326335650145
11000110000011110
1200022122021121012210012212011110210
04423214130
2220001002212111222221111021210010202200
122002121200200200021100000122110
1011011111100001000000111110111011000100110011010
2111122102210
05214530454341355
055245105665
2022202111211021101221110002120101022101121020
41A1A7A507547605841525812835415848A63190485
093AA057A
02202111111220
000101111010010010
1002221012122020200
10101011100101001010101001001110
A2348705839846980747AA
22350
544452220
D775
34340
21312201230133000
2012202110002120
211121210002120
2111202020211111220
55710
10110111111000010
015142051352453304210300
02220120110211011010110202220
22102212111100
111110101111110000000010010001101010001010
45544022435112341442342422153035214451524325
312025535146611454443132332160300435615033605
025100215
1212100000122110200210010
41700
4342303400134230
1000000101011011000101010010000101000101000110100
1100111010011100110000111100110100
222000100221211122222111102121001020
1671070862836236729338693A906900119718916575
1011000011100001011001111001100111010011111000000
0000000101101010110100110
0000011011011001100000110000
111000000101111001010011110
11010100001100010101101101010000
1380074510164095
11011100010010000110100
11010001011001001110100010000010011100
10011100000001001001010000101111101111110110
55311211400200616301011404020
03241056466465
2325434541666161625255
00100000010010100100000100
5305300551551335421540432222045533231000
01111101011011111011001000
200002112011120120
2012221200
00111011110100011100010110111000001111010100100
0111111100100111101110000110011100
662240201335
1111000011101110
0111110011110110100010001010101100110
010011100
021011002010
5115232342451521304130421201433120
20231401115
24220243451046503340
000000111101010101011011001010111110010
914532921768315179130A514A5A
0111101111010101011011001011010010011110
1100110200011220110200
1010000111010
000001101101100110000011000
12221212221012110221122200200010111120
20840
102022010102200200010
102100220021102221012110
444565463305155
000101010101100
495260
10110000111000010110011110011001110100111110
111100011110
11000110
122022211221000
00000000000000000000000000
20022010222010200
111100111101000110111111100
330132410430
A72088A08882A50885593578A75739097720
2121211112001121111121121120200000111201120220
412421441102032523001345
00111011110100
01000101010
511626014166020005
0101022212121220021220121021011222120020020
01100000010100
102201221210120210011101221002211222201000020110
00010110011100100010111101100011000
1202112210010200120122210022102012220111020120
1501025244544132050232421205335
4180507AA4398491162010825597126877497258825
1021002200211022210121102210020020222222111101110
00001001011001100001100
10340
011122110201201020120102220020010201202221220200
01715252016A045110568A45224162A21490
323233412140
11012021111200212122200001002112221201200020
111110101111110000000010010001101010001010110
110100010110010011101000100000
053023042540
1212101102101120
2210221211110
00001001011001100001100101100011011100
5002513525
07650454111565
001000000100101001000001000100101111110000
1000000100
1011112210
224034131230111200
22121202000020
8A8C1B6634B287589326C6796130
44185
02000000102111110110220
000
00105323253101620544106652335242000035
00101120020021010020120
0012210
11110001111001001000111010110000001110100
20022000
1235140255
210212112100111122100111102122011111200112102100
121210000012211020
B93C198EA3A
56114431154463433644564464255220035406630
972550427834A20712662308764A8A35755A57A5
101101110011101010110101001001010
011011011110010000010101100011110010010111011110
304104131430
0255264106063065115
11011001001100001010011110010
021110010222000220
100011010001011011110010100101111010000111110000
0000010110111001011001011111010010000100
0507311202217367340
001011110011010
0A327A273A
20200012110212020
1001101100101001010011111010001000001011111011110
102100
100211000001110
37015
13105410436142031065
0101212222102210010
10010000
10100110011211000022200
1222220100220
0002012121220120
01000001111110010
101000011001011001111100000
100100001110011000101100001000100001010001011100
211001111022110
00100000010
1201112112220
011111010110111110110010
001100010111111010
01011010111001010101000101100100110100110
01100001101101011010000000
012122020121211221011010212111200
80125C3168821450ACC14C44C13533C55
001001001101000111111000100
1110110001000101110000100111000000000010100000
28460
1010101110010100101010100100111000
1001110000000100100101000010111110111111011000
10111011011101100101111010010111100
0212101100000
0000000000000000000000000000000000000000000000
1010010100100101100
000001101101100
C6D10
5050405545215052452332234220
1101200120200220122020110112211022221011110120100
001100010101111111110110101100
20010122211220
110010000100100101001000000111010
5463115452211232636020
01010
2111102101202200
00105323253101620
011000000011001100
211000211121100010200
0011012210
3201143020
11705
0121201121012200
120122121211220101121100100122211120121101020
40055
000101100111001000101111011000
1221112222000
542568A8420
2210110121211101202220121120121011022212000100
00111010110
220
1101011010111010011001101111001110000011101100110
0110000110110101101000000
2300015661112255531562305240253345455235166225
021210110000002201120
001011001101111101111011011011001100
644646646431532653546324466245414223452204525
5434872452A8A3339172AA808AA333358A56260
100000000100
00111100
110111001100000010110110011110
008606777238483070
04125101522433101120305050014200442255415553210
3243125512551521013121504332350
89525831CBA5A563305C322437458445
552433311354351500155
1110011111111010011111001001100000011110000
22110111212010021120202202120010212210022000210
2105532320022124440255
10111011011101100101111010010111100011110
110001100
070C8C023861A598AA00691664BAA
1011110011001100111101110
0001111000111101000110000010
1011011111100001000000
12470
1101010201000211210202112222220002210221221100
38775768B8102630974972C5399B5
11010111001100
02101100201020002000200020021011002210120111220
110011010011101010000111000100
5135032334465153645
01111100111101101000100010101011001101110100
042631611340556351305
111110011100111001000111111100000001110110110110
0011100111000
110010101000001110
02111001022200
0000100101100110000110010110001101110
10110111001110101011010100100101000
01001010000000010101011100001110
0AA1950A305261598833322197A
1010011001121100002220
41121353124142315425312412355
2122012010100
001110111100010
110010111100010
120202200000022210
010100010110101111111010110
0426551320
2022143431200
1011100011010100
5352243214530533230015311455
0110000000110011001100010010011111101000110100
001200122102211120002121111110210121101221102200
1110101010010010100100110011000000000010010
10011100
1100110000
1211101122120100102011120210010
101101111110000100000
1212100000122110200
11110011110100011011111110000000
111011000100010111000010011100000000
0122660254650500
101000100000100101110001111110100111001010
5142C0A12A99619BAC4C1169422775
2212120111010
10010110
0010000100110
0C0
210012221201020
101110110
4720765422091030A3377337361847440
1201101110111011010000221220021122021221021020
211110210120220
2105551536064315
00010010
0206377500
23000156611122555315
26611415242666430251325225036312210
011111010110111110110010001101100010011101100
101120222200210222211120201101022020202220
0110001011101110011101100001001110100000111110
54355
110011110110
001111000001111110110
001001110
001110011100011110010001111110001100010000111010
101001111100110011000110010
10410
0111010001111001001000101010010
20201001020222001101022000120
011000011011010110100000001001110
45460152446026520
0010110011011111011110
51343063336165652110
0001101101010011010001001011110111010010
2201201201011210
1111001011100100111010001110
0163546145514025034166221160225111621450
0110000001010000010111111100
210012221201020002012210
120211021001010101101022000
0111111101000011010010111011101110011000010
000021210221011212010212022122012220
1012010003155010532530352520240353152555112205
312463161506260521666221504353144232356050525
21200211210222211222202202120110102001120
111101111010101111010010100001100101100
11100010101000111010
3180
41720
902A46286299C5A429CB3452C50245
0000
00770321475
11052244024546601520
1110011101110110111011010010111111100111000
042420
0110000000110
1101110001001000011010011011111101000010
352135140444543405543031310355044125
01212202012121122101101021211120
1000112200000100200112200
035615636104116633160116454112635260
2010011112022101022102111111201111220200200121110
0001111000
12200120222200101201000102110020
3429951181A16458863A517A940A39976804455
001110101101111110
86886662545A3334140796456757A9736919800
5434872452A
0610449229890
2230423121030030224531010
20000
00100000010010100100000100010010111111000
040515315031401045513030
10100110001000100101000100001001110100111110010
12536631340
45164514201650
62545
12122000202122100
2012211210
441544206144533660
0111110011110110100010001010101100
035676721320
0221077647362103430
00243230
01432430240030313514012213200
01010101121000201211010
11101000010100
235234415102321152440
EC15
11100110011111110
200212022110210
00202221212110
567487A333855474A9046303981387770763271235
0212101100
13243253410
50350015135
000000000000000000000000
1101100111010010111000001001101100100
00001110100
4517097770CCA0A844C52451140195A35
3603122030
222122121001020211202112211020112001211000210
10110111111000010000
22251040030135
42352440
20011020100020000020001220
011111100
20120010
001010
011110101010011010000100000100
1001011110100011001111100
567487A333855474A90463039813877707632712350
65002304452663605241411050316315123365
0110110100110100011111011010110
100111000000010010010100001011111011111101100
011001010000101110000100111010001111010
10000122001221122020112002001220022002201121100
020111120
110010101000001110110100010111110100110
A49644091022C645356B789BB4B2440
4112135312414231542531241235501054024550
57455
0001100010101011010100001100001100000010110110
00111010
001000011110111011110000010100
8380AA5938870052611A9865
00002121022101121201021202212201222020200
342410
22121111111120122121022211201201202021010
01100101000010111000010011101000111101000
33123102120
011000011011010110100000
50023522550103410204344030303053014433321355
1011011100111010101101010010010100000
115430
211120002221221221221221122111001020020100
2002201022201020
011000000101000001011111110010100011100000100
324323231410
010000100
00010110011100100010
01111000110110010000010
101110011011110011111011110110110101010
A1453130842261169709299291552165979A5768245
1100110
111100111101000110111111100000
0111101010100110100
411213531241423154253124123550
100100
28565
133420031240244300
790401121928508348234105A21A6A60
2100021200
60A
20240
0210220100
021110010222000
1111000111100100100
25575
11010100001100010101101101010000000111100
21100212211210
031052255315104444354133432014340313041230
110111001100000010110
1121202121102012221211010220221222120100
197256A7895055044274A03967437390031A0212393465
0212012010100020220
1111101011100101010
256464404105266410
7086382A826C33CC26A5629C875
00110
04125101522433101120305050014200442255
18268610
312210410
221220100
20201001020
521005423332331015000322400
0010010
110101000011000101011011010100000
1010000111111000000111011001100101000010
11010110010101011111001111010110
110001100000111100
52100542333233101500032240
23142230340
214033410
47A70698765807360A6A516380741047808874A
11000110000011110001010110000010100
0101212222102210010200222011122112001022120010220
01100010010010001111100
2010012020110000122222020120111200222121202010200
102101201001101000112010200200220101012000112120
64464664643153265354632446624541422345
0341103020
02202220101202112212220021101200001111222200
1201101110
152520335515330140034141540410050
21211120
056326335650
01001110
1101000101100100111010001000001001110011100111110
110415055
0001010010011110100000001010000110000110
00000
0112365
0001011001110010001011110
0100100
11110011110100011011111110000
12121000001221102002100100202211222121200
1012221211120
0111111101000011010010
01111011110101010110110010110100100
1101011010111010011001101111001110000011101100
43310220021124140
01112211020120102012010222002001020120222122020
B1A7C28CA079168A311429B436295
100000110111111000110101001011101101100011010
123514025541512312105041155335
101111111110001100
110101000011000101011011010100
102011012110201201222221222002111121121020
0010100
10010110100101010001001110010110100001101000100
86886662545A3334140796456757A973691980
1120
1101101101111000001000010101111110100110
39CE0
02211122011122220000112102022001001122101020
3001031420203410
0222112022440
022202211220
0104404130430
101000111110111001010101001000000001000
82283754216060
02121011000000220
40550
0120120121222221122211200210112110220000100110
1110111001011011010111010010010001000100001010
010000011111100101101011110110010001100
11110000111011100100101010101110
111010001110000001111011111100110011011111010100
111001110011010000101000100111010110
12221212221012110221122200200010111120111120200
112000022120010101110
60300544261244224613206623153442401020
2100021200110000210211100022210101010
11010111001100101001101000011100000
4511013113041210
126626311426012544633003000222143413224201633530
04619688830167898A4A9003908783A724A185
47935
0514600627360
500251352522021330333110020
41210
1110101011101001100010110
00110110100011011110001001100
0202120120022002120020202020010
450351444343213415443134142441233400443143055
601616245661400020620206042445254040116464110
1352124154342540
1110101010010010
10116631160
102101201001101000112010200200
0011000001001111010101100001100110101100110
00102120
B2C902830C483261628A7839B88B0
110101020100021121020211222222000221022122110
2031043444411210440
5452634445
11120220200011110001012211121012122102110
2110120022221220
3E40DCED7983769AA
0010000001001010010000010
5453021204524330343523155532251212230205430154150
0000111100
0010110011011111011110110110110
21021011102211110022121102121020200
122211002011111200201020110210112211220100120220
1010101001100
46036101051403456050
010111100010
242202434510465033406526056425433253530225601140
100010101000000010100101010011010010111001101100
01110102220112110
0111001111000011000001011110010110100
54050
000212210
1001011010010101000100111001011010000110100010
0110110111100100000101011000111100100101110
53604828266305
15252033551533014003414154041005
101001100010001001010
521A896A24A1A04491414A70A
2334303111340020
3113203231442210
1211101122120100102011120
52580
41652663516250200
00101111001101010000110111100010
211400424310100625426500122004220420041330425
54135
20221111010210210011100
0222012011021101101011020222010220210
01110112012021211012010021110202202111210
2002121220220
11100100101101100101100
2201202111121121211120010
0100111001010101111110000101111110
81960143863001657265110A552A34A
2460
0000000000000000000000000000000000000000
10111100110011001111011101100011110
1020122020111221110
0101212222102210010200222011122112001022120010
000011110010100010110011110011010101110
12200120
0000011011011001100000110000011000
01110000000101011101111100010000011001010
0110110111100
101110012210221212220111211220010200022200
110010101000001110110100010111110100
12536631340122633220142640114062044106535
00000110110
11000100210211111211002011210002111220120
31275
01000000100101010101001101110111100
11001100000
1699A4560896AAA216AA
0012111221010011020
001111001110011100
8A9163081389579232A71A523000
202010010212012110
2211000212020121011222221110
0100001011101011101011000001101100000011111010
178A858160
330214150423432354124415412142040052453120
0110110111100100000101011000111100100101110111100
111110011100111001000111111100000001110110110
3352205352062011252033655465124425545023340130
221012200
03630764300
0010000111101110
23920
430224324224032140525
4A74540163A
0150055
10001101000
21100021112110001020
1112111111021020
01001001010
0010101010
11010001011001001110100010000
72B97A77A8828AA27B27852185
13480
11001111011000010000100001000111100001001111110
25200625
1100111101100
2201122201120112221002121120002012011010110110020
020120111011012020010
3124631615062605216662215043531442323560505250
11101010011011001001010110
101110012210221212220111211220010
200010022120121002000
011000000011001100110
438A64999BAA867A3053A8BA
0012200210011112220
0110
53440
11010110101110100
1221020102100122012120210211112100201020
44404224434430
1212100000122110200210010020221122212120020001010
0201012221021200
1111012000111022020
20020121120020000210
100011220000010020011220
222121020222211000101100202210
001000000011110000011111001100000011110
1011100122102212122201112112200102000222000
101101000110
200211111020210200
219A6057A3933A23790570A13173706247739161212790
10100010000010010111000111111010011100
02666020615261542010561140631631103215
00000011011100011100100101101010111011010111010
0211110
011111110010011110111000011001110
33235022215
0101001010010001110
31330
282436A84775CA7B16950A71686360
99A692A7393652569147A0
361244562424445
8A9163081389579232A71A52300
000010010110
1111111111011010110101001010100
41490
24424232431331300440050
20310132500050
4105225611522240
1100101111000100000
110110
1220012022220010120
10100011111011100101010100
100211000001110010120020222102000022012110
0600143335644041346246212224103116140320
000220112220220
021010122210110200
1000001101111110001101010010
10100001100101100111110
21021002122112020010
212133423120200
14540
0000000000000000000000000000
10111001221022121222011121122001020002220
0011000101011111111101101011000010110110111110
10100111010
23601145
0022001112012220
20324154403050450
20224461520
0110000
325304532310122554214535102350053315205200545335
0001100
220101210212212100120010010100211012101010022000
000001010010010
000001110000010111110000010
0122120010212020
1B3A923688864A1938637C516265470
06165770
10100
511443132320113313125005
63735
29B6272A32A773142356942C05585AC0
132364512105010
17400
12011121020200011211121112010
1112011200010221200211121022201010121001020220220
3B3BB9A73822BB9A97750474A
701903897A
201200100222220
2011201221102122220221220121202021110020
14345000414440513433313440435
102122100222100
0001210000200211000110210100
36140
122101120
2675
20111202121200100
10102000211000
61005
01011010111001010101000101100100110100
00010100100111101000000010100
63044153A386A39381604427AA20
02000000102111110110220000
30340
10022210121220
B96B8B90B1785B43A053458481560
101111001100110011110111011000111101000010
0202120120022002120020202020010212102022122220210
01110000000101011101111100010000
00000000000000000000
6B401803465C038B565C129104B9458A
110101110011001010
020000122121002100200
1202010002002002210010
366153662023120634342515043433506522305
2112463525343113330
111110011100111001000111111100000001110110
10022210121220202000
111011011100000001101000100100000000100001010
100000010101101100010101001000010100010100011010
2555303033050052200030011133225055211140314004245
02020200110112120010
001000000100
11101010011011001001010110011111100
0110110100110100
1021221002221000
2110002111211000102000
A200A299B42C969582B23B3A0247515
220101210212212100120010010100211012101010
1011011100111010101101010010010100
4B533434128637B80878CA755C7A
0051110145611235
55A6C40479AB8196691BC35AA
25353111665000
01111101011011111011001000110110001001110
001000010
1110100001010001001000100011001100111100100
110011110000
100011010001011011110010
02101100201020002000200020
112020102112212002101120010111121000121112012000
53522432145305332300153114550
001101101000110111100010
1101100
2100012120202020010
1110000001011110010100111100110
121101001002210100111222012220101022122222020
3353511550312341410130
0204612315
05653340251166226124424450106130
244244305
21112110101000222201212212110021201002121201010
1220021212002002000211000001221100
100011010001011011110010100101111010000111110
100011010
5849143391709241869517497140780A540A193106902130
21314135141020
040310
11100111111110100
44200
021022210220110
4330151223013510343350323341435
101110100100100110000100
4115302330104554303400500325010244232344335
0656560523525505162230
111010001101010010100101000110
11010110010101011111001111010
24405322415635545640
00100000010010100100000100010010
200001222101102220111222121111012101011220120
1110100011010100101001010001101100
AC252781606C26314A4A54537971BB0
02072624264230
0211100102220002200
324312551255152101312150433235
011000001110001001000101100011000000110
110010111100010000001101011011011010
11001110121000022210
0001111000111101000110000010111100
0121220
02663176621532027140
011111011011000101011100010010
7A21CB0446AA72917B1683BA317A
39235
01001010010
0000111010010010100101011100
110111001100000010110110
220102211101010
545302120452433034352315553225121223020543015415
02210012011001210
560007A943A
11111001110
022121101110120100
66429147779913A34A5557961117A193685202A5
10221211102000022122211222221222010102100
1111001111010001101111111000000000110
1221020
05115654033664171510
1221201201220
21010222221211212200
012002221000
1110202210221210
05632633565
53053005515513354215404322220455332310000
0210101011210
0001011110100100101001111000110100
021011002010200020002000200210110022101201112200
A12A1510A635
5360
1335650500105065430
210002120
21021211210011112210011110212201111120011210210
05120
47561CA1C036A7739654448160BCA
095557A96CB55BA42799C83A
0001020120
130
5A498AC1215B6108C2739B45A8A
03A768A38347A999292715
55A482A0A
2221221210010202112021122110201120
110110110
2415562602205234645
111001110111011011101101001011111110011100
220201112012012100022102210101002120220220120020
1001110000000100100101000010111110
0121111012011211011221111010202201121120120110020
11111001110011100100
3330315242135040441420
1110111001011011010111010010010001000100
33313060543546366651665302265215521542045
0211100102220
211200011210102010221122010012120
0100011001111111100011001000
10454155150135
432402300
1433224112410
012012012122222112221120
2012110222010121102222010202201122210100002011000
02121011000000
000000000000000000000000000000000000
23423200
022212110002200100
10202111020
47465
100000010101101100010101001000010100010
2014353421323544540245153310334413315
0000000101101010110100
1261404531426625
432625
44840
0310153453105121253051215402405015
1110000001011110
00210120
101001010010010110000001110101110100
11001000010
110000
464216331445256066341130663460624520
001101010110000
0110110111100100000101011000111100100
AA326943700
22211220201210210002212002000220211121111120
10202000101212001210
022021111112200
02007056647514645
05260052123120165255440636301635
10212212110111211221201202011012212012120
202211110102102100111000112120011120
00100000001111000001111100110
A873292464683576914A585
20121211011121000
7680499A72630960857394A
0036467143110570
01021001120211220
321420
0000011011011001100
01204245061375
01226456044521456625
5810
0010110011011111011110110
0011112001011020212020200
522421213433002142404012143124302411021254232340
464216331445256066341130663460624520452135
222112202012102100022120020002202111211111200
0565334025116622612442445010
50720
1101100111010010111000001001101100100110
244206123043600234440
001111001110011100111000001011100001010011100
3253045323101225542145351023500533152052005453350
0044242473675
100000010
11110000111011100
36615366202312063434251504343350652230520050030
0000101011100110011010100000111100110100
1664250536145
100222101212202020000
434303304310
01111001100010000011110011010110
10001101000101101111001010010
0101001010
110011000001100
011110
56540
000000000000000
010010
110011101001110011000011110011010
01001000221022201001220002122000110
11101000110101001010010100011011000
11011100011011110100011111100
02221122200111022001110222020
1110101011101001100010
111100001110111001001010101011101110100011110
20402000204440
0021022110020211010
353045020355535015
2211111111220
00111120010110202120
21810
000110001111011011010010
12020100020020022100100
00022021100111012200
0200000010211111011022000
6663304364005
01110100011110010010001010
011111110010011110
8735A175710
12201012202011100
0111001111000011000001011110010110100110110
B22616709AB90B81B93A695425015A
0000000000000000000000000000000000
5552602243056640512004405140222446355
01110000000101001011011010010
0554530021120
110111001100000010
10022210
2112222000
29085
42443624156321321001325
011000000101000001011111110
22121110201120
0111011201202121101201002111020220
1101202111120021212220000100211222120120002000
2200221020122010001102010112222202010121012000220
1655112644456463335
00111100000
01122122102000
1101011100110010100110100001110000000010100
000000000000000000000000000000000000000000
12011002112212220
111100001110111001001010101011101110100
3302141504234323541244154121420400524531200
1011011111100001000
01100000001100
0011110000
5993652307077A900039238946AA5276A27246A30
0110010100001011100001001110
000000010110101011010011011101100101110101010
011000000101000001011111110010100
000000000000000000000000000000000
0515415243411234024131235452245145213243030214045
1101000101100100111010001000
442052551165205016114225466321143410
05653366510645250612150021613024223210436465
2200020
0100011101110000110000100
10111100110011001111011101100011110100001010010
002100101002112010
11011100011011110100
101101000110001001101001000100
33021403021422441323235
6035345
80282507940795
45465
10220002201112022222102021101012001210111210120
43166255
2120021121022221122220220212011010200112000
101212120102120
101010111001010010101010
3298529457064A3A12188380301190
101100001110000101100111100110011101001111100000
1001110000
424436241563213210013251535330
0521020
2201012102122121001200100
0235134554236515
10111011011101100101111010010111100011110011110
0001010111001000001101111101011001110011100001010
0101001010111010001101000100101100100100010
000011101001001010010101110
01110011110000110000010
4531515
111111110000111100
15252033551533014003414154041005000
33400003230
41265
0001100010101011010100001100001100000010110
01000110010000100110110100010000100
001211221211220111212211002220
22212212100102021120211221102011200
210210111022111100221211021210
10110000111000010110011110011001110
120220112120122210
1020011201002002220
49B32A22642A3455BB17912AC295660
333130605
011000
0100101001001110000011100011101101111110111110
034513655
1100001101111110110011001000000011111001010
1111011110101011110
012632141031200
111110110100
121101001002210
131542544501032410443041250254524403315
000111100011110100011000001011110
11101111011111100001000011001000011000100
101110110111011001011110100101111000111100
2201122201120
4420525511652050161142254663211434100
101110022222110221010021020111021200211221200110
0010000100
0210200012111111110
010001100111111110001100100011101001000011010110
526563031422403020
31125
02010120000220222120120000102122021220221200
10022210121220202000020012210120221222110012100
110211021110201200
1202110210010101011010220000101211110
2664260430214432225502663013415
0111110101101111101100100011011000
11101010011011001001010
48A7739069445020837299A5910167A267531551A
247B045BB94240B1A87B062B2B5A5
0011000101111110101010100011111111010101110
0101111000001000101011110110110010010000110
453151552165404445
0220212122020
1110010010110110010110
001111000001111110
02021201200220021200202020200102121020
210112221100011010
100101111010001100111110000001110010110101001100
06562226422300
020122221202000
212220020110110100
12210201021001220121202102111121002010200
0121022221210
1202110210010101011010220
32445
101001110100
0110011110100111111101000111000001010100001100010
120002110212102010
11110111101010111101001010000110010110
3711664438425
002002112021210212212122011212212201202000
2211001001110111021220110011212111020211112022020
4451152413220522425
101111000110101100111110000000110100
25065010214405353020
34341459638CCB9C0502C86244A0141090
10010000120200111122010
1333341314223100
22102212111100220000112222001112001202220210100
0000100101100110000110
4020A7330A953271134028A596A005819088A98AA
00000110110110011000
40220
21000021122210
1100111101100001000010000100011110000100
7685
10001101000101101111001010010111101000011111000
1011000011100001011001111001100111010011111000
160A7A202818884870283964A
25700
0101001010010001110100011111100011011010
011001011011111101000111111010011010
11011001110100101110
2012121101112100
1101011101011001011000011101111100
00000000000000000000000000000000
202211110102102100111000
A098A952829320A987776505902A70A5191465
30123202120
03561563610411663316011645
5356345115015240055
65002304452663605241411050316315
10100001100101100111110000000
612645
1101011110110010011011101011100101010110
22221012212112110011102120221212010121110
1111102100110011010210
011000100100100011111000000010000100
11102110101112210
552433311354351500155415
111201211000
1011101101110110010111101001011110
431515205545332526532063344442522113633120452445
25850
11111111110110
000021210221011212010212022122012220202002110
10010111101000110011111000000111001011010100
1012011202010220210
10210221002002202122022120122002101122200210
15770
1001100001100011111011110000
2011020
004240034036000
11021102111020120
11111010111001010100000011110
4555543055620655605
22002210201220
00000200222002010201020
5900741786A343924911A4870A
011111011011000101011100
79282A5710030
100111000000
11101000111000000111101111110011001101111101010
0552451056650446204513345666621546340
13200
011011011110
1210021212101002000
00100000001111000001111100
43663213445243440550
12211022102110
210210021221120200100
0010100110111000001011011011100110010
00100111010010
0210110020102000200
01010111011000100
042305
110010111100010000001101011011011010110
01111101011011111011001000110110
0221212012100
4532225423430555
000001011011100
111001110
493A1A935
111001100111111100
2020
222121020
12440422023200
4445315103400
544356442514234530
0405153150314010455130300
110111000100100001101001101111110
01111011110101010110110010110
47A4814903062347749788A70
1012121201021200
51895
10100001110101011010
12021102100101010110102200
11101010100100101001001100110
22111200221201012221101122001112102212120
2010211010
301100421130255
1110011100110
01000010111010111010110000
22010121021221210012001001010021101210101002200
563241522411266640
111111110000111100100111100001111100
2000021120111201200
1342431131224010
101100101001210201220
00000110110110
2021022100
0010110011011111011110110110110011001010
11001100000110
11101010111010011000101100
12211122220
021210110000
436543445
36825
202101012100211000
9A3583967116A0663A04A6090
101000001100
17498308139830745
201222122000
111011000100010111000010011100000000001010
2332200
52335415
101111001110001010011111010100010
561630305253205600115452414021004425323005455
6174715484720
0211100102220002200220
01000110010
101000011001011001111100
21240433206056510460
9C139083B8C84094B6580B7673810
111100
40730
5640B559811A08612C7C317A2B74A60
7488716125403A73107609A8285
9806583720680009817989013A5
10A8043597637116918820762829448770101896895
0024244222134000220
1000022101020222212120120022201220111020022020
1011011100
002222202012000021001021221001001222210110
1221020102100
001000011110111011110
11101000110101001010010100
53053005515513354215404322220455332310
0414024123025
306B75875226216CBBB274278146C5
15505645104440
0001011001110010001011110110
020201210112200
5536303624612502120
1010001111101110010101010
0110000110110101101000000010011101100
5213026465
11100000010111100
20B03C8015201A341C0224C765428357C5A5
1111100111001110010001111111000000011101101101100
38140
9755256780
220210020012220
0320104100340
011101120120212110120
07104217150
3424104630655335
40
101110100100
011000110111101000011100
11111111000
00100000001111000001111100110000001111010100
0000212102210112120102120221220122202020
25556234064354600
1111101011100101010000001111011000110110
211133120213035
DD7C494B7A
424412124034034220
01111011110
0305427377435
0012001221022111200021211111102101211012211022000
10000110111110
53053005515513354215404322220
1101010000110001010110110101000000011110011110
23143413413422230240
1212100000122110200210010020221122212120
2122012010100202020020200100202100
20010210121010010200
991A7465A384967738385
0000200121001021121022000212210120211020220212220
031141502040444425550
11010110101110100110011011110
0C00
442510126002240506324213463234603365
4194854784C64484713A86520B5A680
0011112001011020212020200220
000121000020021100011021010
4603610105140345605
001100000100111101010110000110011010110
10000000010001010111100101111010
01100
4305243021512333004201330
01021210210
000000112221002120020
01100101010001111001111110100
00000101111100010111101011100101101110111000
E995457EA9D276A08A
00101001101110000010110
11010100001100010101101101010000000
1120201021122120021011200101111210001211120120
00000000000000000000000000000000000000000000
10215102221320234452345
0665426143314402625
10010000111001100010110000100010000101000101110
00936790435447314877A497137054204583A640107865
6152164244305450
13351325122103535225
222121002221020100
3515
21805
1100
2201015531543310444313014251151005
110110010011000010100111100100111011010
35545310510303102204441533535
41470
2111200022212212212212211221110010200201000
55148322A82A711407A0001121864595
782670403429730
20202212102101121022221100112111221022020
0110001011101110011101100001001110
0A327A273A4113A038A617851A
01021021000221100120
02112110
31111432003344415503240
1111001111010001101111111000000000
04140241230251243235232003104524150
011000110111101000011100110
1010000111101101110010
22212100222102010
570A2C4460BC370C6C6B9B81645
584914339170
21200010
11010111101100100110
10110100011000100110100100010
210012212210
945814A299454875374567549A2603544528914300
0002101220
28705
220101022222022012221021201020
254005122051335423534445552125544502222252230
48060
01012001222122100210
0039612863345270929876098601A1795572A9363180
00111011110100011100010110
441321024100200
1010001001101010110010
1001110
64663355
12201012202011100000
00111100000111111011011101001100110000100110100
100222101212202020000200122101202212221100121000
1122101111202010
00210210112112110
000111100011110
000010101110011001101010000011110011010000010100
1001000
20121102220101211022220102022011222101000020110
201240102010010
4C4366179771809B79A044311783B290
000000010110101011010
56A9366947700315432800103AA9A6296852184A80
11001010000111000111011111100
2450321A00038118827CB00601C99460232A76810
5343023203025502041311012142010042014450
11120220200011110001012211121012122102110222200
00200211202121021221212201121221220120200
11000
13325
111100111101000110111111100000000
4244113324350615
2422024345104650334065260564254332535302256011400
332330145351243120045
5131146401660256445245166445005616230
41533251031151253012240
0163546145514025034166221160
010010100000000101010
111010001101010
C1865
34233320
25005
3518174670039680440
2100122212010200
33535115503123414101300
23413212330310040
0110011110010011010
1010000110010110011111000
11110011110
0020021120212102122121220112122122012020
001000000100101001000001000
10022210121220202000020012210
010011012000
11000110000011110001010110
ADE62EC479B545
0654660274734315625
514045054521050501323412402131205
2000021120111201200122202012022111000101220002100
01100001101101011010000
100111110
0010101011001001110110111010010010101100
21211220112010
39440
0211011110111000000101201000
10102002001022210020
010010001010
0245167403040
244244305241003113121430
2130323020
0012120001122201010
21010110
202002102022201211010210112120001002122221220
0100000010010101010100110111011110
403112436126790312238559130582343AA753162A945895
24001433360
51311464016602564452451664450056162300
222112022110
4515334A314297534406A104156895
01111111001001111011100001100111000110
2664260430214432225502663013415601055110560
0221112201112222000011210202200100112210102012100
211222200
42075A50230933A323071767A13251760597A1654408935
1110111001011011010111010010010
101020
111010
1010011011010010
43271554111AA
10000111000101111110111101100000100
E03795
0120011112011112022102012111120221100121210
1020211201002201010
0101001010010001110100011111100011011010001010
12000221220211210122100122120111102100
0441124421410
22021120022102210
00010100100111101000000010100001100001101010110
0001101112022121120
49238399311035492267A9A8940A3061966735401630
4143115405
111111110
10110111111111000010100000111001110110
10110011000110000101100
19925
021101111011100000010120100
0110011110100111111101000111000001010
1011100011010100101000110100010
001034220
B9239A41C303784713A30B7683973A
5213026465652201130
021011002010200020002000200
11100000001111010
0021001102011120011020
02101100201020002000
0010000001001010010000010001001011111100
2A612249A26976561886A098989896065355
20020
0165168A28234894033906A017528030253349950356A3810
21022222122202120210120000102110112001221020
0011000001001111010101100001100110101100110110110
093604970440A146288855A2047105
101101100010011110100110011100001111101011111010
10210022002110
0100011001111111100011001000111010010000110101100
001000000011110000011111001100
011001010
01111010101001101000010000010000010001100100
43625
11598550008750
1110111000101001010
002200
036176060135
0000011011011001100000
0414024123025124323523200310452415
002022221022112200221021122221122101121110
3875152210185
2221221210010
110212210011220
1111000111100
11001111000000011011001011100111100
110011110
3240415041130
0111001111000011000001011110010110100110
11551403455203404123143420500244531011435010
337084502007049069144735A874579152527539A0AA
05260052123120165255440636301635426205216132240
945814A299454875374567549A260354452891430
4101212033301244010
67783617657779350
2101200
022111220111222200001121020220010011221010201210
1111110
010111000001000101101101101010001111100000110010
10200121212000000
22925
11202010211221200210112001011112100012111201200
1101110001101111010001111110
525B246097A33413C534A894009A68290
0100100022102220100122000212200011020012101012020
56163030
02220120110211011010110202220102202100
0001011001110010001011110110001100
355453105103031022044415335352112025443332425450
101010100110010010000100001110
12112010
122111222200000
06304173772415
5100
222210122121121100111021202212120101211100
01011110000010
2A79A
1110000001011110010100
81275395
010001100111111110001100100011101001000011010
00101001101110000010110110
001100
00010100
00467775
122010122020111000
11000100210211111211002011210
21000212111221200201220201121220022110111000210
305002553125225506310055315
100101111010001100111110000001110010110
11111111000011110
0011110000011111101101110100110011000010011010
1010000111101101110010011100000010010000010
01012122221022100102002220
011101000111100100100010101001010111100010
20
15010252445441320502324212053350
11101100010001011100001001110000
1C0AC91B93A6BA848624C4885
111110101110010101000000
523200
10111010010010011000010001111110
100222101212202020000200122101202212221100
11011001110100
0000000000000000000000
110011000
11001000010010010
1525203355153301400341415404100500
2289C437620443B0C5C923865654875
1111011110
1323645
001111200101102021202020
50975
0799A56797984073782652958554739812365
21001222120102000
001110202111200120010
00011110
216430606201560
121222010211110002010021112001220
0201012000022022212012000010212202122022120
01126454325360
011111001111011010001000101010110
11011010001111001100011100
09629570412180
64295
10BBCC8BC5A7B400BCCA724B66BA7AA79A9675879B09C5A
546311545
00111100111001110011100000101110000101001110
65002304452663605241411050316315123365505
011011010011010001111101101011010100
02046123151660134063603515
2201010222220
1134404024234551545051442044504124202410
0120120121222221122211200
101000001100010010
30201431103220
001010101100100111011011101001001010
4235
101010111001010010101010010011100
0274347531600
22111121222001220201110201220112010110122110
0204612315166013406360351516222134130242506565
2000100221201210020
10022210121220202000020012210120221222110
49265
211221022210
0101110000010001011011011010100011111000001100100
012112020121210
0131210
11011011100100111111010000000011101100
010000100110
534341543440
111111110000
11101100010
9037C115C9B31673CCA6286705C40
11011100010010000110100110
02120120101000202200
100111001011000010000
1110102022212022022211001002220110120222210
51840
20010120022122210112200000201221022221000201220
00010101110010000
12222101011021011200
58090
2620353650
000101011100100000110111110101100111001110000
02102000121111111100
3661536620231206343425150434335065223052005003055
00011011010100110100010
1222121222101211022112220020001011112011112020
11010100001100010101101101010
101110110111011001011110100101111000111100111100
92C0956958B77174189517A8BC0
122200100200
01011110001010100001110001110
0101011101100010011000001010010011011100
32985294570
406035015565360111524433355556425212240
111110011100
0600022A524694505146220A714A55690
110110110111100000
2212001222020
1110100
00000000
109A68232A4A0047A183876760
1110001011011110011100011011000011010
110010101000001110110
0552451056650
1110000001011110010100111100
21314135141020253421125500012502211150211541545
0001011110100100101001111000110100110
130620002303503345
42525211420
85679A057189A8A411050509891406A85848515
0202201122010120
0110000110110
5515110546006513345
64037159207325
122111222200
12112010212200010
0433501325212150404405
534302320302550204131101214201004201445
1010010100100101100000011101011101001000100
320635322522063302353364033230
110000110110
03310154335
11001010
22010121021221210
01100010010010001111100000001000010011010000100
0022222020120000210010212210010
01121717273765
110011020001122011020
1212220102111100020100
111010100110110010010101100111111000000
01000000100101010101001101110
19615
1040423332424040
11033224221424300
00000110110110011000001100
0000100101100110
2201012102122121001200100101002110121010100220
33305
100001101111101111100010100100010111110
4E211A
0340100344140
122010122020111000000
0000111100101000101100111100110101011101001110
41658192252684723A363742274720
01010111011000100110
330060
2212001200000011220
0101010010
11101010100100101001001100
27520
0202020102121120
1111001110000110011000000110010110
1101110001101111010001111110010110001100100
1111000011101110010010101010111011101000111100
26040
110120012020022012202011011221102222101111012010
00
0111000000010101110111110001000001100
341266024461336155
11101101110000000110100010
01012122221022100102002220111221120010
921B43701A2B106B83946554511372A2AA
1000110100010110111100101001011110100001111100
10110000111000010110011110011001110100111110000
2210221211110022000011222200111200120222021010
0120011200210010210001220010
0001100010101011010100001100001100000010
212201201010020202002020010020210
011000001110001001000101100
101100001110000101100111100110011101001111100
0012112212112201112122110022200
50513266135026163555
010120110
110101110101100101100001110111110
101120222200210
5755
200110201000200000200012200
48660
021210110
00001222000010212100
411210010
1112022020001111000101221112101212210211022220
A29845
12211122220000
594578905753566780AA30730
05632633565014551111254253605260110224325435225
1100100001001001010010
212002112102222112222022021201101020011200
00010101010110001011101011110001100111110
4214200442224440030
0011000001001111010101100001100110101100110110
335CAB9952010269CA03294351AA23085
000001101101100110
11010001011001001110100010
364463050122440
143450004144405134333134404350
11110001111001001000111010110
1001110000000100100
0655630336465
A160A390A5
11110
1100010021021111121100201121000
2185
0000000
206510
1202221020021221012202122210020211120220
101001110100000
350204345521151425
5345061014005
00936790435447314877A4971370
00001111001010001011001111001101010111010011100
0000011011011001100000110
10045120162253640
4233020
111110011100111001000111111100000001110
011000000011001100110001001001111110
001111001110011100111000001011100001010011100110
01230800
100101111010001100111110
000000000000000000000000000000
0414003421230
641122134544140
100000010001000001100000011001111001011110
110001002102111112110020112100
01000000100
1202110210010101011010220000
0122222111220121121020012221201102010110210
1000110100010110111100101001011110
1112022020001111000101221112101212210
0201222212020
11022202111211010
636051104555665
9604078AA
001000011110111011110000010100100110110100
A3A399A
10110110001001111010011001110000
13530
000111121020110200120
201212110111210
0000010100100101011001000001000111110110110000
11420323400203310030
0272504461527515
530530055155133542154043222204553323100
2201012102122121001200100101002110121010100
0111110101101111101100100
47928687038998041A7277082499169466988866977A82A
2020100102022200110
1110001010100
1220012022220
000000000000000000000000000000000000000
220000
140499636497105000
0000000000
1011011000100111101001100111000011111010
0041301222110002030
0121220201212112210110102121112000
36885
4041000440100
254324530
101110
101000011001011001111100000000
1001110000000
101101110
110120211112002121222000010021122212012000200
00101001101110000010
4311310100
0210200211201220
56114431154463433644564464255220035406630640
12001012001000120200210
1111001111010001101111111000000
121222010211110002010
211222200020001211201201022120
2110002111211000102000210121222211101212010201220
13236451210501055
35545310510303102204441533535211202544333242545
1001011010010
11010111101100100
0001010010011110100000001010000110
1101101101111000
5434872452A8A3339172AA808AA333358A562600
0212101100000022011200
0111110011110110100010001010101100110111010000110
01001010000110111110011000010100
30032442535243015325203501341510325152430
112212111022200022102100122000222201110101220
0000431314312400
2A310524604424205
334403111243022120
010222201020200
105
300324425352430153252035013415
101101000
54045565
11100111111110100111110010
201222101201020
719A226A086976618608829205760A466698145
020000001021111101102200
79982049053865369781740204127357666856084A
