0100101001001001001110111010
01110001122111010120
000100101101101101101111101010110111000100011
121002121210100200
1110011100
00010000110101110101001111001010
0110000100111100
21001222120102000201221
201112021212001
1010011101000001111001000001110001
21220110201002111011101
0110110111100100000101011000111
01100001101101011010
2210120211112211222011121100000122021120111010
0111111
0110100111001100100111001001000111
0010011101001011
000011110010100010110011110011010101
1101011100110010100110100001110
101011111000001010010110011100110011
221100200221012222
110001111000111
000001101101100110000
1101011110111010111010001001
101001101011000
101100001000111100111
101010000001011001101110011000000011110000
31
0010100000001
10110101010111011000100101001
1010000010111100100001
10110111111111000010100000111
001201102000202211012120
20000211201112012001222020120
1111001110000110
0121222002202
11120022102220
00111020211120012001
000101001001111010000000101
1011100110111
2021
01100011011110100001110
110101111011001001101110101110010101011011101
110110111001001
101010100110010010
111010220222
00100100110100011111100010001111
02121011000
11011100011011110100011111100101100
20022120001222122022011002201211010100012
10000000101
00000000000000000000000000000000000000
1022121110200002212221122222122201010210
1202210210002101100
111010101001001010010011001100000
011110111101
01011001100100010101011000101
001110
11010111010110010110000111011111001110000110101
11202021222121211012
001010001010101011001100110100100010
00101010
0100100101001
230113213031133
1100011110001110000000111
1011110011001100111101110110
10110110010101
0022200010102102
1101101000111100110001110
00111011110100011100010110111
010101011011111001
11100111111110100111110010011000000
11212021211020
201221021210021202011100201221121012102001202001
110011220
01110000000101001011011010
00120110
00010101110010000011011
01110000000001001110101001
1022102220222202
201201100001121001201
00000000010010101101111111111
00011100001110010011010101110111011
111110011100111001000111111
111010220
12100221
0110011000101101101011111000100001010101011
00022212210112001222012200210020022121022
12011
011110101011010011100010111
0101111110100110011111011101011
211002122112100
10000111001111011100000111000100
101111111110001100111100011010000111111011000000
0010101
111010000101000100100010001100110
2011120212120010
0012011020002022110121200
200221200012221220220
000101111010
11100010110111100111000110110000110101111000
100101000001100000011010010
1011011011000001101000101
011000011011010110100
121112111110021
10100110111010000111
100001101111101111100010
111100101001101011011
120220110212020
1001011110100011001111100000011100101
010001100111111110001
0122101111112021
0111110011110110100010001010101
00011000111010111100110101000101010101011
000000000000000000000000000000000000000000000
201001202011000012222202012011120022212120201020
0001001010011001101000001
10201210000
01000001011111000110101110010010110100110111
1110001010101100000011111111111010001110101110
221011012121110
21100212
0010100010010010111100101101011010000110101
111010000101
11111001011010101
1011101101110110010111
201112021212001000
122102010210012201212021021111
122001202222
111011100010100101010110010100110100
00111001110
111110110100111010100110101101011011100001
20122222
11110011100001100110000001100101101111
01001000101
000100101101
000000111101010101011011001010
20200112002121221102002101120021210222212110
0111110101101111101100100011011
1010222021121020021021112112212112110002121
010010011001111011001111110110000001100001101
111210011112021011002212020220200212121002200111
010021212020000001101211111010222
200200120022212
001111100000110202022210022101020021011011
111001001011011001011001110110111010000001
22110002120201210112222211102222211
2200100112020221111221102100000201221222110100012
1110001110111101101001110011111010000000110111111
0122212212001
111110011100111001000111
100000000110111001010101111110110110110111111
111111110000111100100111
0111110001110101111000011
110110011101001011100
101110100100100110000100011111101001111
02210010
1110101010010010100100110011000000000
1110001011011110011100011011000011010111100
1012201111202020
0011111000001102020222
0110000110110101101
0101001010010001110100011111100
1110111001011011
000000000000000000000000000000000000000000000000
1000110011101000110111
122011201122101220
2100122212010200020122100
01200112002100102100012200100
111000111010001100
1011100222221102210100210201110212002112212001100
11001111011000010000100001000111
11100010110111100111000110110000110101111
00011111001011000011010000010010000101100000011
1110100011100000011110111111001100110111110101000
011000110111101000011100110101000010011101
10000000010001010111
1110100011010100101001010
112221
222122011112
0220222010120211221222002110120000111122220
12121000001
011000100110000111110010101111000001000001111
1111100101101010100
02211122011122220000112102022001001122101020121
0000000000000000
11111100111
101011111000001010010110011100110011111
000000000000000000000
12200120222200
011110010001010
000110001010101101010
0120200212
01001010101101100110001010110111010000111000
0111100100010100010111011100101011110101000010101
0121212220011201200110210200200020002
001102100020122011202020200120102011010000211020
12210201021
1100101010000011101101000101111101
0001110110000101011
011001001001010101001
1110011111111010011111001001100
220222210221222021200110110010012102022022
0001100101011001
000021210221011212010212022
11011001110100101110000010011011001001100
11112201201022
1022222
022112101121220201
12222110121111011012020220122220020102122
01111011110101010110110010110100100111100
201211012010121022111120021012200222102022111022
0212101100000022011200012111211121002110112110
001102101222101020
20022120001222122022
0011100111
00011000110010010111111010011011
201222111201111122
1101011001010101111100111
01002001202
212201
1211201
110111110001000001
01100001101101011010000000100111011000
0100011000100111001001110111010
0001110000111
122022102120212
01100010111011100111
11011001001100001010011110010011101101011
20001002212012100200
000111100011
00120012210221112000212111111021012110122110220
2012110120101210221111200210122002221020221110220
0101011101100010011000001010010011011100101111
000000111
110001111
0012112002
110101110101100101100001110111
022110002
1100111100000001101100101110011110010110010111
10100000101111001000011100101011000000001
1120120220110
00111011110100011100010110111000001111010100
01000100010110101011
02120212000000211120111202021222
0111110011110110
1010000011000100101001110000110
122200011
2202201
2211120022120
00000001111001111011010100010110100011111100101
001000011101011000101110101
10021
2102211201
00010010010101101111010001100010011111
10001100111
00110210122210102
01111110011000111100011110110101100101110
10000000011011100101010111111011011011
10011000011000111110
111101101001111110001010001100110111100
1111011111101111111011001001001000001111111101
312101
2221221210010202112021122110201120012110002100
002200110012210220
211102102012011101
100001220012211220201120020012200220022011
01111001000101000
00011112102011020012
10111100110011001111011101100
1221020102100122012
00110001010111111111011010110000101101101111
0110000110110101101000
000100101101101101101111101010110111
01101101001101000111110110101101010010101100100
11010121
1100110000011001010100
011000011011010110100000001001110110
12100212121010020
11111100
00110001011111101010101000111111110
111000101010110000001111111111101000111010111
21101111202001
2011220100110202221111012222200100211010122201
00111
100001111010111100100001100101110011111101011
00100100110
10000010011000111111
101000011110110111001001110000
01100101101111110100011111
000122022101012011
0211102201011221
101222121112010120200111221110202202022002020
1111110000011100111000111
200110
01000110011111111000110010001110100100001101011
01111101011011111011001000110110001001110110
11001100000110010101000110010101111000101011
1110101010
12002222122101202120221102021012022000201020212
0011000001001111010101100001100
0
010011100101
1001110101000011110110111
1110100001010001001000100011001100
001010000000110011110010010010100000110001
101101100010011110100110
111000101101111001110001101100001101011110
0111000112211101012
110111001
11222211022212222222202
10011010111
11001010000111000111011111100001
001010100110100100
10121110202210021
01221200011221000101110011011102120112
21201122011011001020
001011111000000111000010001
00111100000111111011
1100011022212111002022001000120220120
1010011010110
03012
2201202111121121211120010022220120000000122121
10110111111111000010100000111001110
000000000000000000
100111000000010010010100001011111011
0100110101001010101011010000101010
01100111100100110101011111101111011110001000111
00101000101010101100
1102120110
11110100111100101010100101110010010110000111
000201212122012
10101000000101100110111001100000001111
1001011010000111
1001212002022102
10010000111001100010110000100
011100011101110
11100011101000110000
12012212121122010112110010012221112012110102
000000000000000000000000000
111110110100111010100110
11121001111202101
11100111
1102002222011002111110112
110010111100010000001101011011011010110010111011
1020122020111221110211
020100022121100120
100001111010111
10221000000201101200021100102022212
0001110000111001001101
000000000
0210110021
101001101011
0011021012221010200
1110100101010001100101
030113130011103302
112222110222122222222020
10100001111011011100100111
0020221121220221110011002112012202
0002221221011200122201220021002
1101100111010010111000001001101
1012221110200201100101112212101201012002211122001
201112021212001000122020120121000202120111
00220011001221022
00001221
0111000111011100
1222200002222201112211122
1102200011010010110
010010100100100100111011101
21212111120011
2220001002212111222221
011110101011010011100010111101110101101
1011011000100111101001100111
02013
1011010001111
00110210002012201120202020012010201101000021102
010100010110101111111010
11001010020110101222
1110101210001220000111
1222000111120020102012110222122120022211022
000000
1012112202002011
111111110001110110010110000001
0001011100011001000001100000011001010000101
1101101110010011111101000000001110110011100010
010000001001010101010011011101111000100
01201201212222211222
1110111001011011010111010010010001000100001
0110000011100010010001011000110000001101010
101111001100110011110111011000
122102010210
00011100001110010011010101110111011110101011
111202101200021
12120112212220021
00010010100110011010000011101001
0211100102
10212121212111
100222101212202020
0110011110010011010101111110111101111000100
11001012002121001022202111010202010222202122
02201112110000122
111010100110110010010101100111111000000010101100
20221111010210210011100011212001112
120221021000210110
120110111
122221101211110110120202201222200201021220
00000000000000
00100001001101000111010000011100101110001001010
0101011101100010011000001010010011011100101
10100011111011100101010100100000000100
1110011110101
00011111001011
2221221
0111001000101111000011101
110101100101010111110
110010001011000010000110010011001100111101
20011021121222
110111001100000010110110011
0011000101111110101010100011
1011101001001001100001000111111010011110
011111010110111110110010001101100
111011011001111
111010001101010010100101000
0012011
10000000010001010111100101111010111011
2022111101021021001110001121200111201102
100001110011110111000001110001000
110111100010011010100101100101
0100000010010101010100110111011110001001110
1111000111100100100011101
010100001101010010110001111001001011
111011011100000001101000100100000000100
12220110100012012211221222111222021012011
001110011100
0100010001
110010100201101012220
0010110011011111011110110110
01010111011000100110000010100100110111001011110
2020112110011222101
0111111100100111101110000110011100011
111110010110101010
000000000000
101001110000111100111110011000001001001010101
01011010111001
1111001110000110011000000110010110111110101
1010001111101110010101010010000000010
021002
0111100011011001000001011100010
0101001010111110001001100100100001100001001000111
222000100221211122222111102121001020220
212122102
02202201
01221
1022
0000010110111001011001011111010010000100100
0101000101101011111110101101011101
0122120001122100010111001101110212011200
110201200010212021
0101110202211011
100011001110100011011111100
10101000
0022222020120000210010212
101100100002110
11100100101101
2220001002212111222221111021210010202200
122002121200200200021100000122110
2111122102210
00000111
1002221012122020200
210221021111
10101011100101001010101001001110
1010100
1010010000111110110110011010
0110010110111
02212
0012002201202011
011110111101010101101100101101001001111
22102212111100
1220111002102
2020011200212122110200210112002121022221211
10101111
0000000101101010110100110
20101212000
101100010110110101110110010
01001101010010101010110100001010101000110111
101010000
0101010
012210111
01001101010111011110010010100100001110101
2220210211010110221
220101022222022012221021201020110222
0110101110011000011101
1011001100011000010110011100001
011110111101010101
0111101111010101011011001011010010011110
10100110101100
01111001000101000101110111001010111
0100212120200000011012111110102222101
212011112200012
102100220021102221012110
11110111101
010100010110101111111010110101110100
1000011011100011111
1001000011100110001011000010
00000000000000000000000000
100011001110100011011111100111111111110101011
1001100001
1010011011010101010010010000110111000
10001011010011111110100000
21201111220001212000110102101010212
00220010
11001100110000110101011111
112223021
111101100001111100000101001111111101111011000
0011000101111110101010100011111111010101
0010000100110100011101000001110010111000100101
111010101110100110001011001111111111
2100122212010200020122100122011022202200220220201
2001112212011101200010112111110221121
010110101110010101010
001111200101
010002111011211122
2210221211110
10110101010111011000100101001110111001
001100000100111101
1010100000010110011011100110000000111100000
1010011111001000010110000001101111
1101111100100001110101001001
12122
0010100010010010111100101
000
0012210
1100011110001110000000111111101110111001100000101
1000010001011011001000010110101010101011011101111
011101120120212110120100211102022
121012022111002
2000021120111201200122202012
11110110000111110000010100111111110111101100
000021111121111111
0101212222102210010
0002012121220120
01212202012121122101101021211120002000221120002
100000010101101100010101001
0201112211000
1220101012001212
12020220000002221
10001011010011111110100
0111111001100011110001111011010110010111
202200221012121120021001101202020
0111110101101111101
01100001101101011010000000
01111010101001101
1110110001000101110000100111000000000010100000
0001000011010111010100111100101000
1100011000001111000101
00111111
1010101110010100101010100100111000
2020210020100220222022102101110221101211202111
0010000111101110111100000101001001101101000001111
0212101100000
0000000000000000000000000000000000000000000000
010010101011011001100010101101110100001110
1101011110110
100111101011100100001
1010011100001111001111100110000010010010101010111
101001111100100001011000000110111111001111011
0100111011
00010010110110110110111
00101010000
120122121211220101121100100122211120121101020
1111111100011101100101100000011011011111
0110000110110101101000000
1011011111001101110100010000001010
12012121202022201201010121002122000211202202
101200120102021021211111110110012112102220111001
101201
110200222201100211111011200
0001111000111101000110000010
010001000101101010111111000110111
21132330
22102120200020011
1121102111111010011
11110010100110101101111101001111101
00100011011010110001110010010010100
11011110001001101010010110010110101
0011100111000
1011101101
100122
1002021000212200
0110001101011011100001100011011111000100010011
110010111100010
012122
120202200000022210
021210110000002201120001211121112100211011211
111010101110100110001011001111
0110000000110011001100010010011111101000110100
001200122102211120002121111110210121101221102200
0111001101101111010110110100000101001111
1101111000100110101
01100002110022021012
0011110100010101011101101100000011001010000110
333
112011100211222000101221000002112211021
10100110110100100001100100000000
10000000101100110001000010111011101101001001
011111010110111110110010001101100010011101100
110011110110
001111000001111110110
01001101
221022121111
0111010001111001001000101010010
00000110110110011
2111202200222121100121012020222201020020202
2201201201011210
1101011100110010100110100
1111011110101011110100
210012221201020002012210
011101100111110000011
100010110100111111101
0000
22102001002220211122101202
01010001011010111111101011010111010
1000000001101110010101011111101
0110001011101110011101100001001
1111011000011111000001010011111111011110110000
10001010100000001010010
20121101201012102211112
01110001110111000
2221001201000220101021121
1110110110011110100100000110010011110011
12122201021111000201002111200122022
0001100010
0000111100101000101100111100110101011101001
1101100011111000110101011100111110010010001010101
111110001111
221012021111221122201112110000012202112011101
0111001101101111010110110100000101001111111
10100110110101010100100100001101110
110010120021
11101000010100
10011101010000111101101111110111111010101
20011
01100111101001111111010001
0001010010011110
200212022110210
0212101100
110011110100001011000111110111011011
1111002100
1111110000011100111000111101001101111011
220022122
0100111001010101111110000101111110000001000110110
000000000000000000000000
01100000001000101011
01111001000101
222122121001020211202112211020112001211000210
00221111202212
101100110001100001
1110111
11110011110100011011111
11010111100100000101011000111110000101100110111
011111100
20120010
010101
11101110111
001000110000011011001001011110101110
00110001
01001211212110012
01100001001
1011011111111
001111110100011
112210111120201
111110101011
11001100001011111111100011011010100111
01110001110111
000100100101011011110100011000100111110
1010000110010110011111000000000001011100100011111
011000011011010110100000
20110020021002
011000000101000001011111110010100011100000100
012102201000100020112
11010111010
00010110011100100010
222101101011120112101120200211101221001012
01101101111001000001010110
0022201220122111022222200212220202110111
0111101010100110100
12101200111111200202
002122002222202211110201101100102110221
000101010
201222220
1100111012100002221
0100111011000111101010001001011110001000110101101
101000111110111001010101001000000001
11010111101100
21100212211210
211012022
200022
11110111101010111101
01001001100111
100100111000100011111110
101001100010001001
2221001201000220101021121201211202200121201
1000101101001111111010000
0011000101011111111101101
11100
02121011
1110001110111101101001110011111010000000110111
20021202211021
122202001
11110101100120100022110
10101110111100111111011000111111001
2010012020110000122222020120111200222121202010200
02202220101202112212220021101200001111222200
1201101110
010011010100101010101101000010101
10000001000100000110000001100111100101111010110
10000001000100
201211012010121022111120
00000
1112002210222
00000000010010101101111
1111010011110010101010010111001001011
00000000010010101101
1011011
21120001121010201022112201001212
0011110100010101011101
1110001110100011
1100111101100001000010000100
12201101122
1110100001010001001000100011001100111
2221210022210201001110120202002
011110101
101000111110111001010101001000000001000
011100111100001100000101111
102210000002011012000211001020222120
1210021212101002
11010111101110101110100010010
202211
111010001110000001111011111100110011011111010100
2210200100222021112210120212222020120101
112000022120010101110
1101100111010010111
11010111001100101001101000011100000
011000010011110000000000
001110111101000111000101101110
2203200
0011000001001111010101100001100110101100110
00102120
0010110011011
1010100110000110111111101011110111010
10100110110101010100100100001101110000
11120220200011110001012211121012122102110
0101001001
1100110000011
010010011
11001100000110010101
1001021
10111100110011001111011101100011110100001
1011000010001111
010210002
1212112122012
101010100111101101
1211101122120100102011120
20121101201012102211112002101
202220211121
11111111011011010011100101100001
22101101212111
10100010010011001
20122222001000222100021220001022200201210
0000000000000000000000000000000000000000
100101111010001100111110000001110010110101
01001001010010
011000001110001001000101100011000000110101011100
00011100001110010011010101110111011110101011111
1111100111001110010001111111000000011101101
10011011111110101001000111010101110100110101001
110010101000001110110100010111110100
10010110010110010101110000001110000111100
02021
100110101111001111010010001011110101111
22112012011
110011001100001101010111111110000110111110010111
1111100011111001101111
0022001
011111110010011
1001101
012200002
01110110011111000001101000110000111
101000100000100101110001111110100
20222210
10010110101010101111101011100011001000100111111
0001011001110010001
22200010022121112222211110212100102022
111101001111001010101
110101111011001001101
1100111101100
2201122201120112221002121120002012011010110110020
2112200102120202111110220121122201011
200010022120121002000
21122001021202021111102
2000012221011022
1111100011111001101
2111200022212
222000100221211
0220211211001111
11200002212001010111
100100001110011000101100001
10101000000101100110111001100000001111000
001111101001001010110011100001000111110010011
10100010000010010111000111111010011100
1100101111000100000
12200212120020020002110000012211
0000000000000000000000000000
22212202000
10010011100010001111111
20212201221011011222202011120120112111010112
00000000010010101101111111
22110002
11101110001010010101011001010011010011100110001
000001010010010
11010111100100000101011000111
0111110110110001010
2110210211202011
0100011101010111001010100111
10100110110100100001100100000000000010111110110
0121220201212
11111001011010101000
01000110001001110010011101110100
20111202121200100
10220
00010100100111101000000010100
10100011010101101000001101101010011110000110
2012222200100022210002122000102220020121
101111001100110011110111011000111101000010
0001001011011011011
00000000000000000000
201202202020121011221000121201100122202021101002
100101000001100
10022210121220202000
120110111011101101000022122002112202122102102022
1011010001100010011010010001
202021002010022022202210210111022110121120211100
10122212201202101001
111100001110111001001010101011101
001010100
1010011011010101010010010000110111
211112210221
01100001101101011010000000100111011
0100101010110110011000101011011101000011100000
011110111101010101101100101
0100101010110110011000101011011101000011100
11001111010000101100011111011
0101000101101011111110101101011101000
10121110212101102200021100112201222220011101211
0101000011010100101100011110010010110
0022001011111000111020111020122
1000001101
1220021212002002000211000001221100
1100201
000100101101101101101111101010110111000100011111
101100001110000101
022022201012021122122200211012000011112222
20001202211201111
1210122
11001110121000022210
12022102100021011
0121220
2012103223
20112201
112200222022221
02022102
001000000100101001000001000100101111
0011010101001001100000110101001
10221211102000022122211222221222010102100
101001101100010010011010100111
12111011
1101110001101111010001111110010110
00011001010110011101001
0210101011210
021020001211111111
000020012100102112102200021221012021102022021222
201222220010002221000212200010222002012100
0100111011000111
1101111000100110101001011001011010110101111
2121202011022211120222
000100001101011101010011110010100
10110001011011010111011001
11111001110011100100
20100120201100001222220201201112002221212020102
10022210121220202
20011020100020000020001220011011
211200011210102010221122010012120
0011021000201220112020202001201020110100002
2012222200
1010000111101101110010011100000010010000010010110
000111001111111000100100010001101011101100011011
02121011000000
000000000000000000000000000000000000
11100000010111100101001111001100100
001100111001001111100110100000111
010211211200221211
101010
001101010110000
2012110120101210221111200
00012202
202211110102102100111000112120011120
1000101101001111111010
102212111020000221222112222212220101021
01110000000101001011011010010111111101100011
001111010001010101110110110000001100101000011
1100011110001110000000111111
101001101101001000011001
1111100101101010100010011011001010001010111
10111111111000110011110001101000011111101100
0000011011011001100
110110100011110011000111
11020022220110021111101120
0100010001100110011001
1000000101011011000101010010000
10000001010110110001010100100
1101100111010010111000001001101100100110
120110
0011111010010010101100111000010001111
100111110101110111
000222122101120012220122002100200
22212212100102021120211221102011200121100021
00000101111100010111101011100101
100222101212202020000
10011101010000111101101111110111111
0011001110010011111001101
01111001100010000011110011010110
10101000000101100110111001100000001111000000
110011000001100
111111
000000000000000
201212
100011011100010010010001000111
11100010101011000000111111111110100011101011100
0111100110001000001111001101011000100000000111011
0000000000000000000000000000000000
11110011100001100
1010000111111000000111011001
0111011201202121101201002111020220
101000100100110010
000000000000000000000000000000000000000000
010000001001010101010011011101111000100111
0011000101111110101010100011111111
12010221020000011201
0110010100001011100001001110
000000000000000000000000000000000
1133111
2200020
0100011101110000110000100
1001001110001000111111100
000101001001111
101101000110001001101001000100
0011000011011101
1011011111
2201202111
010110110121132
1112022020001111000101221112101212210211
200102
1000000101011011000101010010
01001001010001001
02101010002021101
100000010101101100010101001000
2121202011022211120222111220202102222
0001010111001000001101111101011001110011100001010
10111010010010011000010001111
01000110010000100110110100010000100
10110000111000010110011110011001110
11102011002
120220112120122210
10122212111201012020011122111020220202200202
0100101001001110000011100011101101111110111110
1110001110111
220112220112011222100212112000201201101011011002
10000010011000111
000111100011110100011000001
10011100101100001000011010110101111110111001
11220020021012111
101110011011110011111011110
1010011111001000010110000001101
0010010011
101110022222110221010021020111021200211221200110
01000100010110101011111
0210200012111111110
101001101101001000011001000000000000
110011000001100101010
20120010022222011221200200212121122101122
010001100111111110001100100011101001000011010110
001011000110101001101000011001011111111
110011010011101010000111
1111010110012010002211
0111110101101111101100100011011000
0010101010101
11100010101000111
010010002210222010012200021220001102001210101
220002
0101111000001000101011110110110010010000110
01111000110110010000010111000100111
0111100011011001000001011100010011110101000111
100011010001011011110010100101111010000111
010011010101110111100100101001000011
1001011010101010111110101110001100100010
1010001101010110100000110110101001111000011
0202112102122202202102121120101002220011010012
001000110110101100011100100100101
11110011100001100110000001100101101
101001000011111011011001101
001000011110111011110000010100100110
0000111100101000101100111100110
101101112222122
00000010101
0212112201022121212
110010001011011001101
011001010000101110000100111
101100001000111100111101110011
00000110110110011000
00011100111
0011101111010001110001011011100
202012111
11011001110100101110
00000000000000000000000000000000
01100000001100110011000100100111111010001101
1110001110100011000
30123202120
0010101000
010110101101001011110010101
001100111001001111
1011020210120111201
100111010100001111011
10010111101000110011111000000111001011010100
1012011202010220210
0111110101101111101100100011011000100111011
000000010110101011010011
100101101010101011111010111000110010001
11111010111001010100000011110
010000010111110001101011100100101101001101110
011111011011000101011100
1101011101
11101000111000000111101111110011001101111101010
1210021212101002000
11202010211221200210112001011112
111011011001111010010000011
10210022002110222101211
1000000001101
012212000112210001011100110111021201120
011022102211212201102010101000222202202111100111
10111002222211022101002102011102120021122120011
01111101011011111011001000110110
000011110010100010110011110011
111001110
1101110001101111010001111
010010101011011001100010101101110100001110000
10110110
101012012010221
01110010001011110000111010
10101111101101110000111100001
11101010100100101001001100110
001010001001001011110010110101
20202100201002202220221021011102211012112021110
01000001011111000110101110010010110100110111000
00001110
11001100000110
0011111000001102020222100221010200210110110
021210110000
10122121221120222100202
111011000100010111000010011100000000001010
01022
101121
02212120010002201
1012001111121022
0012001221022111200021211111102101211012211022
10010110100101010001001110010110100001
221002202010112
00011111001011000011010000010010000101
001000010011010001110100000111001011100010010100
00220010111110001110201110201220
102201211011200000221021102121
10010011100010001
11000110222121110020220010001202201202101
1221020102100
11101000110101001010010100
11100011101000110
0110000110110101101000000010011101100
010100101011
01223110312110111132
220210020012220
1001010000011000000
000021210221011212010212022122012
011000110111101000011100
0111011001111100000110100011
0012001221022111200021211111102101211012211022000
10000110111110
01111011110101010110110010110100100111100111
0000200121001021121022000212210120211020220212220
10011010111100111101001000101111010111110101
002122002
21201001021011102102
000000112221002120020
00101000101010101100110011010010001000000000
22101101220222
011000100
11001111000000011
20220022101212112002100110120202
00000000000000000000000000000000000000000000
3323301
00022212210112001222012200210020
2203303
10211002221
1010100000
0002221221011200122
0011111101000111011011
10000111000101111
10000011010111011100001101110001110111000010111
01000101001
01001010101101100110001010110111010000111
010010100100100100111011101000
10101
1010000111101101110010
10110100011000100110100100010
0010000111101
2133133
1110100011100000011110111111001100110111110101
001110111
010001110111000011000010010010100010000100
1000011100111101110000011100010
00111011110100011100010110
21120120021121
2110021221121
100110110010100101001111101000100000101
100100001110011000101100001000
100110101111001111010010001011110101
11011000111110001101010111001111
2202333112223
12020120210201
1122101111202010
20001002
00210210112112110
001100001101110100011110000000101
021010211202202022212
100001110011110111000001110001
111101100001111100000101001111111101111011
10110111110011011101000100000010100100011111
00120110200020221101212
111000111
01001001000111111011011001011001
00000011222100212002
21202102
100000110111111000110101001011101101
200010022120121002
100000010001000001100000011001111001011110101100
1121202121102
01100001101101011010000
10101000000
00111110000011020202221002210102002101101100
0022221201
010010001010
2130323020
1010101001111011011000111111110111
10000010011
01111111001001111011100001100111000110
110120101120012012
0221112201112222000011210202200100112210102012100
0211020102
1001110101000011110110111111
102012202011122111021110112012
111100011110010010001110101100000011101001111
011011010011010001111
010100010110
22112222
20110112202021022011
01111100111101101000100010101011001101
01110000
2122102200002
01100101000010111000010011101000111101000111001
11101000111000000111101111110011001101111
1111111101101000100101011101101101011001
221011021
02101012221011020012122000020122101012111022122
2212222
1010011011010010000110010000
0100011001111111100011001000111010010000110101100
02110201022122122111202122
121110112212010010201112
00010010110110110110111110101011
001100000100111101010110000110
20101011222111210102
0000011011011001100000
01010001011
00110001010111111111011010110000101101101
100101100101100101011100000011100001111
022111220111222200001121020220010011221010201210
1111110
00010000101110110010111
10000111101
10100112111
010010000011100101001011001110000011101
211011
0212111112020101222101101201201222200201111011
12112010
0121010011
1111101011100101010000001111
0010101001101001
220120120101121
1121012022202212201210002
100010110100111111101000
0110001101111010000111
212201102010021110111011102111210201201
11111100000111
10010011100010001111111001000111110010010010001
1011000101101101011101100100
111
01000100010110101011111100011
0100100000111001010010110011100000111010
0020021120212102
2112200102120202111
010110000222101112
0000000000000000000000
111001111111101001111
01112021
001011000110101001101000011001011
11100111011101101110110100101111111001
00221200211121001
001110202111200120010
1110100011100000011
01212122200112012001102102002000200020
1011000011100001011001111001100111
1121012022202212
01001010010010010011101110100
0010100010101010110011001101001000100000
1111110000011100111
11011010001111001100011100
221112002212
110101110101100101100001110111110011100001101010
1222220100220210011011012010212222121110022
01100010
012001120021001021000122001
000001110000
000000110111000111001
201101
111010001101010010100101
101000001100010010
0010100101010101000101011111100000010101101
1010101110010100101010100100111
101010111001010010101010010011100
2000100221201210020
0011101111010001110001011011100000111
012112020121210
0131210
11101100010
1101111000100110101001011001011010110101
12222101011021011200
02102000121111111100
10111010010010011000010001111110100111100
22010102
10111001101111001111101111
0110011000101
0101221112010102211202122001201000001211211
10101011200000011010121011
110001102221211100202200100012022012
11001100011011111011011110101001010001010101
00000000
11101110001010010101011001010011010011100
1001011001011001010111000000111000011110
10011101010000111101101111110111
22212100222102010011101202020022101
01100101101111110100011111101001101011
011100100010111100001110100
001100001101110100011110000000101110111111101011
0111
1101011110110010011011101011100101010110111010111
2202011100112211212101121221
00100011000001101100100101111010111
01100010010010001111100000001000010011010000100
010000100110011001100001011010101100
0001000011010111010100111100101
010011101100011110101
1122221102221222222220200
1111011010011111100010100011001101111
01012211120101022
10010110101010101111101011100011001000100
222111000
0010000100110100011101000001110010111000100101000
0122201222122112021
11110110100111111000101000110011011110
010021
00
000111101110110101010011101101110010111011001111
1002001202
0120011200210010210001220010
11001100000110010101000
2110021231
1110110111000000011010001001000000001000010101111
011000001110001001000101100
021210110
00101010011010010
0010001101101011000111001001001010
1010100000010110011011100110000000111100
11101001010100011001010101100101
101220111120202
000001101101100110
11210120220121221121012111221120222121
0000000
010001100010011100100111011101
010121222210221001
01100001001111000000
0100000101111100011010111001001011010011011100
01010001011010111111101
101111001100110011110111011
2010121110202221
000000000000000000000000000000
001110111101000111000101101110000011110101
0021021011211211
101010000001011001101110011000000011110
1001101011110011110100100010111
10010020211111111002
00011100111111
11111100101111101101110111
1111011000011111000001010011111111011110110
10110110001001111010011001110000
0100001001100110011000010110101011000000
000111121020110200120
110101110101100101100001110111110011100001
00011101100001010111000101011010101101
11002011112222212
011011011110010000010101100
21212001102010201
1110001010100
111000111011110110100111001111101000000011
01210022100001121012
01010010100100011101000111
1220012022220
000000000000000000000000000000000000000
1110
101001101101010101001001000011011100
2011011112102221
0000000000
122212122210121102211222002000101111201111
11111011010011101010011
100000000110111001010101111110110110110111
111111111
01211202012121
2221210202222
02101
0000111
212201102010021110111011102
0111100100010100
112020220111102202122020021001002011021100122
0011000011011101000111
011111110100001101001011101110111001
0121212
010010010001111110110110010110010
121012112
1101010001010100101000110001010101001000101100101
000111
101011111011011
211211120200220102
00222012201221110222222002122202021101110
00110101011
