11
0111000000000100111010
11101111011111100001
11110100111
010101110110001001100000101
0011000
1111101011100101010000001111011000
1110011100
00000001011010101101
1110011100110100001
000000011110
01010010101110100011010001
1101101000111100110001110011
0000011011011001100000110000011
1110100101010001100101010110010111
001110011100011
111011110111111000010000
010010010010
100111000
10110100011000100110100100010011
101110110111011001011110100101111
10101011100101001010101001001
0101111000101010000111000111001111
10111100110011001111011101100011
1010101110010100101010100
011000110
011001010000101110
1001101100101001010011111010001000001011111011
01111
10000011011111100011010
01100001101101011010
11000110000011110001010110000010100110
0111111
0001001010011001101000001110100111000101111101011
000000011110011
0010011101001011
000011110010100010110011110011010101
1101011100110010100110100001110
0110010110111111010001111110100110101111
000000011110011110110
000001101101100110000
111000101101111001110001101100001101011
101000111110111001010101
000011110
001001
000001011111000101111010111001011011101110
01111111001001111
000011110010100010110011110011010101110100111
10001110100010111001001100100011010011100010
111010001101010010100101000110110
0000001101110001110010010110101011101101011
1110010010110110010
11100111001101000010
1101101000111100110001110011101111110100
01000010011001100110
010111100010101000011100011100
00000101101110
001000000100101001000001000100101111110
00101000101010101100110
011000011
1100001101101111110100111111001111000110111111001
0011110000011111101101110100110011000010011010011
0010000001001010010000010001001011111100000
111000101101111001110001101100001101
01100011011110100001110
1101011110111
011001010000101110000
00100111
00100100110100011111100010001111
11110000111011100100101010101
01100101000010111000
10100111010000
1101101101111000001000010101111110100
00000000000000000000000000000000000000
0010101000010000010000100111011110100100000110010
111000101010001110101111
10011001110
000000010110101011010011011
0000011011
11010111010110010110000111011111
1110110110011110100100000110010011110011100111
00110001010111111111011010110000101101101111100
011011
01100000001100110011000100100
110000110
00000001011010
1000011110100101
1011010001100
11100000010111100101001111001100100101101110111
0000100101100
1011110011001100111101110110
1101000101100100111010001000001001110
1101101000111100110001110
101100001110000101100111100110011101001
000011
000111100
100000010101101
00110001011111101010101000111111110101011100
001111000
110110010011000010
1101010000110001010110110101000000
10010111101000110011111000000111001011010100110
011100111100001
111001110011010000101000100111010
0101110000010001011011011010100011111000001
01110000000001001110101001
0001001011011011011011
11111111110
1110010010110110010110011101101110
11100111011101101110110100101111111001110
11100111011101101110110
00100100110100011111100010
111110011100111001000111111
0110011000101101101011111000100001010101011
000000000100101011011111
01111111001001111011100001100111000
000111001111111000100100010001101011
01111001100
101101110011101010110101001001010000
1010011000100010010100010000100111010
110111100010011010100101100101101011010111
000101111010
010001100111111110001100100
11100010110111100111000110110000110101111000
01001001100111101100111111011
011000011011010110100
000100001011
110110010011000010100111100100
01100000001100110011000100100111111
0011100111000111100
11011011011
11111010111001010100000011110110
010001100111111110001
11011100110000001011
110100010110010011101000100
000000000000000000000000000000000000000000000
110110100011110011000111001110111111010
01001001001
00011000110010010111111
0010100010010010111100101101011010000110101
111010000101
11101000110101
100101100
010011010101110111100100101001000011101010001011
01111111001001111011100001100111
000000011
1100001101101111110100111
00111001110
00011111001011000011
1101010000110001010110110101000000011
11110011100001100110000001100101101111
10000011011111
0111110101101111101100100011011
1111101011100101010000001111011000110
100110011100
101001110100000111100
00101010110010011101101110100100101011
1010010100
110001100000111100010101100000101001100
100101111
1100111100000001101100
01100001001111000000000011101001100111
111001001011011001011001110110111010000001
110000110111111011
00101010000100000100001001110111101001000001
000111000011100100110101011101110111
111111110000111100100111
111110101110010101000000111101100011011
010100101011101000110100010
101100001110000101100111
11101001000000010101000111010101011
001000000100101001000001
110110011101001011100
000001101101100110000011
1110001011011110011100011011000011010111100
1010000110010110011111000000000
0111111100100111101110000110011100011010010
0100010101000101
0110000110110101101
1111100111001110010001111
11100111011101101110
000000000000000000000000000000000000000000000000
1001011110
01101001110011001001110010010001110100101011
001100010111111010101010001111111101010111
00101010000100000100001001110111
00101001010
101000001011110010000111001010110000000011000010
11100010110111100111000110110000110101111
011100000000010011101
1110100011010100
111001001011011001011001110110111
11011011011110000010000101011111101
1110100011100000011110111111001100110111110101000
1111111100
0110110
00001001011001100
11011001001100001010011110010011101101
1110100011010100101001010
0111110011110110100
10000001010110110001010100100001010001
1011110011100010100111110101000101010010110010
101101111110000100000011
01001010000000010
11110011
0110000000110011001100
0001111
0000000000000000
0110011110100111
111111110110110100111001011000010011001011100
000000000000000000000
110110010011000010100111
0110010100001011100
101110001101010
1110011001111111110
10110000111000010110011110011001110100111
110110110111100000100001010111111010011
1101010000110001010110110101000
0101001010111010001101000100
1101101101111000001000010
0010010011010001111110001000
10000110111000111111010010110101111111110
0100010001011010101
111101111
1100101010000011101101000101111101
1101010000110001010110110101000000011110
001110011100011110
001010101100100111011011101001001010110
001101111
100111000000010010010100001011111
1001001011010
0100101000011011111001100001010
0000000101101
0010010011010001111110001
0000010111110001011110101110010110111011100
101110110111011001011110
0011100111
10001101000101101111001010010111101000011111
100011010001011011110010100101111
000001101101100110000011000001100010001001000111
110000110110111111
100101101001010100010011100101101000011010001
1111111100001111001001111000011111
111011011001111010010000011001001111
000001101101100110000011000001100
11111011010
01101110001110111000011100000101001001110
01100000001100110
01100001101101011010000000100111011000
0001110000111
1010011101000001111
1110000000111101011100111
000101100111001000101111
01100011011010111110100111100111111100000101
111100111101000110111111100000000011
0010100101010101000101011111
10010
11011001001100001010011110010011101101011
0001001011
000111100011
111010000101000100100
000111100011110100011000001011
0100100110011
110001111
101000011001011001111100000000000
110101110101100101100001110111
100000001111001011010000000010100110100101010111
100000110111111000110101001011
00011110001111010001100000101111000
0100011101010111001010100111110011111011110000101
000110001110101111001101010001010101010111
111110101110010101000
10100000101111001000011100101011000000001
11011011011110000010000101011111101001101111
111010001101010010100101000110110000
0110010100001011100001001110100011110100
11100100
000100101101101101101111
11111111110110101101
1111001111
111111110110110100111
0100101000011011111001100001010011
101001010010010110
00011110111011010101001110110111001011101100
00000001111001111011010100010110100011111100101
110110110111100
1111011
01100001101101011010000000100111
010111100010101000011100011100111100
101000011111100000011101100110010
111011110111111000010000110
1011110011001100111101110110001111010000101001
1011101101110110010111101001011110001111
11111010111001010100
0010000111
10111100110011001111011101100
01010010101111
010010100001101111100110000101
0110000110110101101000
1100111101000010110001111101110110111010
0010110011011111011
1001011010010101000100111001011010000110100010011
1011010
011000011011010110100000001001110110
11001111011000010000100
00100000010010100100000100010010111111
01100011011110100001
1111001111010001101111111
11111100
01111001100010000011110011010
10011100000001001001010000101111101111110
0110000000100010101100110000101001101
110011001000010
11011011011110000
100001111010111100100001100101110011111101011
00100100110
10100111010000011110
1101000101100100111010001
01000110011111111000110010001110100100001101011
01111101011011111011001000110110001001110110
11001100
00000101111100010111101011100101101110111000110
00000110
0101011000010110000101111111101101110011100111010
0
111110101110010101000000111101100
0110100111
00100000010010100100000100010010111111000000
10110100011000
1110011101110110111011010010
1100111101000010110001111101110110111010001101100
01000110011111111000110010
111000101101111001110001101100001101011110
1100001101101111110
110111001
01010111011000100110000010100
1001000011100110001011000010001000010100010111000
0110000110
0010000000111100000111
11010111101110
11000011011
0000000111100
10100111010000011
00111100000111111011
1111110011
000000000000000000
100111000000010010010100001011111011
1000000011110010110100000000101001101001010101
01100011011110
00101000101010101100
10011011001010010100111110100010000010111110
0011110
1001
11110100111100101010100101110010010110000111
00111100111001110
011111110010
01111101011011111011001000110
1001011010000111
1110111001011011010
00000101111100010111101011100101101110111
111101001111001010101001011100100101
000000000000000000000000000
1111101011100101010000
00100000001111000001111100110000001111
11100111
11111111000011110010011110000111
00100001
11110011110100011011111110
11111111000011110010011110000111110
101101
0100100110011110110011111101100000011
11011100110000001
00100100
0110111000111011100001110000010100100111
001011110011010100001
000000000
01000101010001010
0001010010011110100
0010000000111100000111110
1000110100
011000100100
0001100011101011110011010100010101010101
0100100101001010
00011101100001010111000101011
11100110011111110011
101101111110000100
100001101110001111110100101101011111111100
00000110110110011000001100000110
1110011100110100001010001001110101100
10110100
11110111111
0011000101011111111101101011000010110110111
1110010
10100001100101100111110000000000
11111111011011
10110111
100110101111001111010010001011110101111101011
11100000001111010111001111001
010001100111111110001100100011
1101011010
0010100101
10011100000
111001110111011011101101001
11011011011110
000000011110011110
11001000010010010100100000
000111100011110100011000001011110000
010010100000000101010111000011101001101011110
0001001010011001101000001110100111000101111101
1011010001111
010100010110101111111010
0110111000111011100001110000010100
010000100110011001100001011010
01011110001010100001110001110011110
000000
000110001110101111001101010001010101010111011
000011110010100010110011110011010101110100111000
011000001110001001000101100011000000
11111010111001010100000
010010011001111
00111001110001111001000111111000110001000011101
101000001100010010100111000011000110010001110
101111001100110011110111011000
010101100001011000010111111110110111001110011101
01000010011001100
101101000110001001
1010011101000
110101111011101011101000100101100100000011011101
1111100111
0110011000101101101011111000100001010101011011
101101000111111
1001000011100110001011000010001000010100010111
01000110011111111000110010001110100100001101
011000011011
1101110001001000011010
00000000000000
100111000000010010010100001011111011111101100011
0101011101100010011000001010010011011100101
11000111100011
10100011111011100101010100100000000100
00011111001011
110
10101011100101001010101
10100001100101100111110000
11011100010010000110100110111111
100001101110001111110100101101011111
0100111
00110001011111101
110111001100000010110110011
111111110110110100111001011000010011001011100110
0100011101110000110000100100101000100
011111010110111110110010001101100
111010001101010010100101000
1111011111101111
1111110000011
000101100111001000101111011000110
110111100010011010100101100101
0100000010010101010100110111011110001001110
1111001111010001101111111000
11111111
1011110011001100111101
001110011100
001011110011010100001101111000101111
00010100100111101
0010110011011111011110110110
00011011
1101110011000000101101100
100111010100001111011011111101111110101011
11001110100111001100001111001101
0111111100100111101110000110011100011
01100000111000100100010110001100
000000000000
0111111100100
1010000110010110011111000000
010100101
101001110000111100111110011000001001001010101
111010101110100110001
10001101000101101
01011010111001
1010001111101110010101010010000000010
1000111010001011100100110010001
000101111010010010100111
010011101100011
00000101001001010110010000010001
100111000000010010
1110011101110110111011010010111111100111
0100011001111111100011001
10000011011111100011010100101110110110001101
00010010100110011010000011101001110001011111010
00000110110110011000001100000
00010110011100100010111101100
0110010100001011100001001110100011110100011
110110110111100000100001010111111010
11101010111010011000101100111111
1110101011101001100010110011111111
11000110000011110
01111111001001111011
11100100101101
1011011111100001000000111110111011000100110011010
1110010010110110010110011101101
0001100011
0101001010111010001101000100101100100100010111111
000101111010010010
10101011100101001010101001001110
100000110111111000110101001
000011101001001010010101
011
00000001111001111011
0110010110111
11110111101010111101001010000110010110011101
0110010100001011100001001
10110111111000010
000101100111001000101111011
111110101111110000000010010001101010001010
1000000101011011000101010010000101000101000110100
1100111010011100110000111100110100
1011000011100001011001111001100111010011111000000
0000000101101010110100110
01010010101110100011010001001011001001000101111
10000110111000111111010010110101111111
0000011011011001100000110000
11010100001100010101101101010000
1101101000111100110001
11011100010010000110100
11010001011001001110100010000010011100
10011100000001001001010000101111101111110110
00100000010010100100000100
01111101011011111011001000
1101010000110001010110110101
1110011101110110111011
0111111100100111101110000110011100
100001111010111100100001100101110011111101
010011100
0110101110011000011101
111101111110111111
1011001100011000010110011100001
1010000111010
100111
000001101101100110000011000
1110011001111111110101101111010101010001
10110000111000010110011110011001110100111110
111100011110
11000110
00000000000000000000000000
1111
111100111101000110111111100
100011001110100011011111100111111111110101011
1001100001
00111011110100
1000000001101110010101011111101101101
110000110110111111010011111100111
0011000101111110101010100011111111010101
10000110111000111111010010110101
1101111
00010110011100100010111101100011000
0000000101101010110100110111011001011101010101111
111010101110100110001011001111111111
00001001011001100001100
111110101111110000000010010001101010001010110
110100010110010011101000100000
01100101000010111000010011101000111101
000111001111111000100100010001101
111001110011
001000000100101001000001000100101111110000
1000000100
10100000101111001000011100101011000000001100001
000
1100011110001110000000111111101110111001100000101
0111110001110101111000011101111101
101101110011101010110101001001010
1000011011100011111101001011010111
11011001001100001010011110010
00000011011
1000111010001011100100110010001101001110001
100011010001011011110010100101111010000111110000
001011110011010
1001101100101001010011111010001000001011111011110
111001
110000110110111111010011111
10010000
101000011001011001111100000
11111010111001010100000011
100100001110011000101100001000100001010001011100
00100000010
00011101100001010111000101
1100001101101111110100111111001
011111010110111110110010
1110011101110110111011010010111111
0111110101101111101
001100010111111010
01011010111001010101000101100100110100110
01100001101101011010000000
10011100000001001001010000101111101111
11001111010000101100011
110100010110010011101000100000100111
011111110010011110111000011001110001101001
001001001101000111111000100
1110110001000101110000100111000000000010100000
1100011000001111
00111111
0100100110011110110011
1010101110010100101010100100111000
1100001101101111110100111111001111000110111
101110001101010010100011010001
0010000111101110111100000101001001101101000001111
1001110000000100100101000010111110111111011000
10111011011101100101111010010111100
01111101011011111011001
0000000000000000000000000000000000000000000000
1111001111010001101
1010010100100101100
000001101101100
011000000011001100
0100111011
001010010101010100010101
10010000111001
000101100111001000101111011000
0110000110110101101000000
11011000111110001101
001011001101111101111011011011001100
011001111001001
01111010101101001110001011110111010110110111
100000000100
00111100
110111001100000010110110011110
1101100100110000101001111001
011110101011010011100010111101110101101101
00110001010111111111011010110000101
101111001110001010011111010100010101001011001
10111011011101100101111010010111100011110
0000010111110001011110101110010110111011100011011
01100011011110100001110011
110001100
11101000110101001010010100011
1011110011001100111101110
0001111000111101000110000010
1011011111100001000000
010001000101101010111111000110111
101000011111100000011101100110010100001
110011010011101010000111000100
1110100101
00101001010101010001010111
0011100111000
0010000111101110111100000101001001101101
0010111100110101000011011110001
10110111001110101011010100100101000
11001010000111000111011111100001100010110001
10000111101001011011100101
110111000110111
10000001
11011010001111001100011100111011111101
001110111100010
1111111111
110010111100010
010100010110101111111010110
1011100011010100
0011000011011
111010101110100110001011001111
0110000000110011001100010010011111101000110100
10011100
1100110000
101101111110000100000
101000011101
11110011110100011011111110000000
01101001110011
011000011011010110100000001001
00011
10010110
0010000100110
1110011101110110111
0001100011001001011
0001001011011
00010010
101000100110101011001
011111010110111110110010001101100010011101100
110011110110
001111000001111110110
001001110
001110011100011110010001111110001100010000111010
101001111100110011000110010
011000000011001100110001001001111
0111010001111001001000101010010
011000011011010110100000001001110
00000110110110011
0010110011011111011110
000001011111000101111010111001011011101
0111111101000011010010111011101110011000010
01100101101111110100011111101001101
11100010101000111010
0000
1110011101110110111011010010111111100111000
0110000000110
1000000001101110010101011111101
1101110001001000011010011011111101000010
0001111000
1000110100010110111100101001011
1110110110011110100100000110010011110011
001100000100111
001110011100011110010001111110001
00100000010010100100000100010010111111000
10100110001000100101000100001001110100111110010
0000111100101000101100111100110101011101001
11110111111011
001100001101110100011110000000101110111111
10111100111000101001111101010001010100101
100110101111001111010010001011110101111101
11101000010100
010010011001111011001111
0100100110011110110011111101100000011000011
100101101001
11100110011111110
10111000110101001010001101000101111
0110011
1000110100010110111100101001011110100001
000000000000000000000000
01101101111
1100001101101111
10110111111000010000
101100110001100001
0111000000010101110111110001
11110011110100011011111
011111100
100111000000010010010100001011111011111101100
011001010000101110000100111010001111010
001110111101
110010101000001110110100010111110100110
1111111100001111
01100001001
00111100000111111
001000011110111011110000010100
0110100111001100100111001001000111010010101100011
01100101000010111000010011101000111101000
1010000110010110011111000000000001011100100011111
011000011011010110100000
1011011100111010101101010010010100000
011000000101000001011111110010100011100000100
110000110110111111010011111100111100011011111
010000100
00010110011100100010
101110011011110011111011110110110101010
1100110
111100111101000110111111100000
100100
00101010110010011101101110100100101
1000110100010110111
110110100011110011000111001110111111010011
101000111110111001010101001000000001
1111000111100100100
011010000001100000001011011111001111100101
110011110100001011
111100111101000110111
11010100001100010101101101010000000111100
0111001101101
11000011011011111101001111110011110001101
111001001011011001
111011110111
110111001100000010110
1111101011100101010
00110
0010010
110101000011000101011011010100000
1010000111111000000111011001100101000010
11010110010101011111001111010110
110001100000111100
11000110000011110001010110000010100
01001110
0000000001001010110111111111
1101000101100100111010001000001001110011100111110
100111010100001111011011111101111110101
00000
0001011001110010001011110
0100100
01100111101001111111
11110011110100011011111110000
00000000010010101101
0011110100010101011101
00111011110001011
100000110111111000110101001011101101100011010
001000000011110000011111
00111011110001
110101000011000101011011010100
0011000011011101000111100000001011101111
10010110100101010001001110010110100001101000100
1101101101111000001000010101111110100110
110101100101010111110011110101101111
101000111110111001010101001000000001000
0000011011011001100000110000011000100010010001
11110000111011100100101010101110
0001110000111001001101010111011101
111010001110000001111011111100110011011111010100
111001110011010000101000100111010110
1010000111010101101
0110001101111
1101100111010010111
11010111001100101001101000011100000
111010101110100110001011
0100010001011010101111110001101
1101110001101
1110101011101001100010110
11111010111111000000001001000110101000101011
0000010110111
110101000011000101011011010100000001111
01111100111
1100110000011
010010011
0010000001001010010000010
0000111100
0010110011011111011110110110110
00000001111
10111100110011001111011101100011110100001
010111100010
111001001011011001011
1001011010010101000100111001011010000110100010
11100111011101101
00001111
101001110000111100111110011000001001001010101011
1011000011100001011001111001
110110110111100000100001010111111010011011
00101111001101010000110111100010
1110000000111101011
11100100101101100101100
111000000101111
11100110011111
11000011011011111101001
0000000000000000000000000000000000000000
100101111010001100111110000001110010110101
10111100110011001111011101100011110
1110100100000001010100011101010101111
000011110010100010110011110011010101110
0010000001
010010011001111011
1101100100110000101001
0000011011011001100000110000011000
0110110111100
110010101000001110110100010111110100
00000110110
01000000100101010101001101110111100
11001100000
0001001010011001
001111001110011100
0100001011101011101011000001101100000011111010
1110011001
011111110010011
01001110110001111
1101010000110001010110110101000000011110011
011001011011111101000111111010011010111111
01110110011111000001101000110000111
10001101000
0001011001110010001
11010001011001001110100010000
01100101101
11100000001111010111001
0111101111
1100111101100
0000011
101000011111100000011101
011001011011111
011000000011001100110
10011001
10000000011011100101
0110
00000001011010101101001101110110010111010101
0000011011011
0001001011011011
1111000011101110010010101010111
001000000011110000011111001100000011110
01010001011010111111101011
101101000110
011111100000100101111100111
011111110010011110111000011001110
000010010110
01101110001110111000011100000101
1100101111000100000
1000011011100011111101001011010111111111
110110
101000011001011001111100000000000101110010001
10100011111011100101010100
1000001101111110001101010010
10100001100101100111110
0000000000000000000000000000
1100110000011001010100011001010111
0011000101011111111101101011000010110110111110
10100111010
0111100011011
0110000
0001100
00000000010010101101111111
010000010111110001101011100100101
11101110001010010101011001010011010011100110001
1001110000000100100101000010111110111111011
0110000110110101101000000010011101100011
0111000000000100111010100111
00011000111101101101001011100000010011011
0011001110010011
011001010000101
01011010111001010101000101100100110100
101111001100110011110111011000111101000010
0001001011011011011
01110000000101011101111100010000
1111111100001111001001
00000000000000000000
110101110011001010
10000001010110110001010100100001010001010001101
11001100100001
10100111110010000101100000011011111100111101
101000001100010010100111000011000110010001
111011011100000001101000100100000000100001010
1011010001100010011010010001
100000010101101100010101001000010100010100011010
001000000100
0010111100110101000011011110001011
1001110000000100100101000010111
01100001101101011010000000100111011
101000011001011001
1011011100111010101101010010010100
1011101101110110010111101001011110001111001111
00110000110111010001111000000010111011
01111101011011111011001000110110001001110
001000010
110011110000
0111001
100011010001011011110010
1101100
0111110101101111101100100011
1110110110011110100100000110010011
1011000011100001011001111001100111010011111
0010011101001
1000001101
100011010001011011110010100101111010000111110
100011010
1101011100110010100110100001
000100101101101101101111101010110111000100011111
111010001101010010100101000110
11010110010101011111001111010
101100001110000101
00100000010010100100000100010010
1000110100010110111100101001
1110100011010100101001010001101100
011000001110001001000101100011000000110
0011110000011
110010111100010000001101011011011010
0001111000111101000110000010111100
1111111100001111001001111000011111001010000101
01001010010
011100110110111
0000111010010010100101011100
10110000111000010110011110011001
110111001100000010110110
001000000100101001000001000100101111
111110101110010101
0010000001001010010000010001001011111100000011
101101111110000100000011111011101100010011001101
10010000111001100010110000100010000101000101
11111001110
011001111
1111001111010001101111111000000000110
111001110111011011101101001011
01100011011
010010010100101
0001011110100100101001111000110100
000001010010010101100100000100011111011011
110110110
111001110111011011101101001011111110011100
1001110000000100100101000010111110
001100010101111111110110101100001011011011111
11111001110011100100
111110101110010101000000111101100011
011010011100110010011100100100011
10000011011111100011010100101110110110001101011
0100011001111111100011001000
1001000011
11111111000011
1100011
000000000000000000000000000000000000
100000010101101100010101001000010100010
00011000111010111100110101
0000000101101010110100
01011110001010100001110001
1110000001011110
111111000001110011100011
000110001111011011
11001000010
110000
10111001101111001111101111011011010101
100000010001000001100000011001111001011110101
00100000001111000001111100110
1010000110010110011111
11011100110000001011011001111
010001000101101010111
00001110100100101001010111
0000011011011001100
110110100011110011000111
0010110011011111011110110
110001100000111100010101100000101001100011100111
1001100111
11011011
11011100110000001011011
100000010
11011
01111001100010000011110011010110
10001101000101101111001010010
0101001010
110011000001100
011110
01000100101
111111
000000000000000
010010
110011101001110011000011110011010
11101000110101001010010100011011000
10100010011010101
1110101011101001100010
001000010011
000110001111011011010010
01110100011110010010001010
011111110010011110
0111100110001000001111001101011000100000000111011
0000000000000000000000000000000000
110111001100000010
1010000111111000000111011001
100000110111
10100011111011100101010100100000000100011
00111100000
00000000010010101101111111111001101101
000000000000000000000000000000000000000000
10011111
01001
010000001001010101010011011101111000100111
1011011111100001000
01100000001100
0011110000
10111000110101
1001101100101001010011111010001000001011111
0001001
0110010100001011100001001110
000000010110101011010011011101100101110101010
000000000000000000000000000000000
1010011101
1101000101100100111010001000
111111001011111011011101
10111100110011001111011101100011110100001010010
101101000110001001101001000100
1011011111
01011110001
001010100001000001000010011101111010010000011001
101010111001010010101010
101100001110000101100111100110011101001111100000
1001110000
001001001101000111111000100011
000111001111111
10111011011101100101111010010111100011110011110
000000000100101011011111111110011011010011
010010100001
0001010111001000001101111101011001110011100001010
0101001010111010001101000100101100100100010
01101001110011001001110010010001110100101
000011101001001010010101110
11100111011
111111110000111100
10110000111000010110011110011001110
01111101011011111011001000110110001001
1011011011000001101000101001100100010101
011000
1100001101111110110011001000000011111001010
111110110100
000111100011110100011000001
000111100011110100011000001011110
101110110111011001011110100101111000111100
110100010110010011101000100000100111001110011111
0010010011
000100101001
001010100001000001000010011101
10100001100101100111110000000000010111001000111
11110001111
011000100110000111
11000011011011
01000100010110101011111
0010000100
010001100111111110001100100011101001000011010110
111111000001110011100011110100110111101
011100000000010011101010011111
0111110101101111101100100011011000
0010101010101
10100101
0011000101111110101010100011111111010101110
1110010010110110010110
001111000001111110
01100101000010111
00000001011010101101001101110110010111010101011
100101111010001100111110000001110010110101001100
100011010001011011110010100101111010000111
10110111111000010000001111
1010000010111100100001110010101
111001100111
101001110100
0110011110100111111101000111000001010100001100010
010000001001010101010011011101111
011110101011010011100010111101110101
1000001101111110001101
1101100100110000101001111001001110110101111
011001010000101110000100111
0000100101100110000110
00000110110110011000
00011100111
10001101000101101111001010010111101000011111000
1011000011100001011001111001100111010011111000
1100110100111
011001011011111101000111111010011010
1110011001111111
01101011100110000111011011010011
11101001000000010101000111010101
11011001110100101110
1101011101011001011000011101111100
00000000000000000000000000000000
01100000001100110011000100100111111010001101
10100001100101100111110000000
1101011110110010011011101011100101010110
10011011001010010100111110100010000010111
00101111001101
1011101101110110010111101001011110
001100111001001111
11111111110110
10010111101000110011111000000111001011010100
0111110101101111101100100011011000100111011
1011110011001100111101110110001111
000000010110101011010011
11111010111001010100000011110
100111000000
11101000111000000111101111110011001101111101010
011011011110
00100000001111000001111100
110111000100100001101001101111110100001
0100000111111001011010111
00100111010010
11101000110101001010010100011011
000111101110110101010011101101110010111
110010111100010000001101011011011010110
01111101011011111011001000110110
10100001100101
000001011011100
101111001100110011110111
111001110
00111100000111111011011
111001100111111100
1110011111
110111000100100001101001101111110
10111100111000101001111101010001
10100001110101011010
101111001110001010011111010100010101001011001011
11001001
011111100000100101111100111011110000111001
1110011100110
11101101
111111110000111100100111100001111100
001111000001111
00000110110110
11001100000110
0101100110010001010101
11101010111010011000101100
111011000100010111000010011100000000001010
101111001110001010011111010100010
1001110000000100100101000010111110111111
00001111001010001011001111001101010111
101000011001011001111100
110101110101100101100001110111110011
111100
110001100000111100010101100000101
11011100010010000110100110111111010000101001
10011100000001001
0011110011100111
1011011100
11101000110101001010010100
01111111001
11010111101
00001001011001100001100101100011011100101
0001011001110010001011110110
101011111000001010010110011100110011111000101
1010001111101110010101010
0110000110110101101000000010011101100
010100101011
0110000011100010010001
11100000010111100
000110001100100101111
10001101000101101111001
00110000110111010001111000000010111
011000110111101000011100
11111111000
1110000000111101011100111100110100001101101110001
1111101011100101010000001111011000110110
11011001001100001010011110010011
01111011110
1110101011101001100010110011
1101010000110001010110110101000000011110011110
111111001110001101
00111001
0110011000101101
01100
00010110011100100010111101100011
110111000100100001101
111010000101000100100010001100110011110010011101
1000011100010111111011110110000010000010010011011
10110111001110101011010100100101
11001111000000011
10100001111110000001110110011001
0000010111110001011110101110010110111011100011
00000101111100010111101011100101101110111000
11111010111111000000001001000110101000101
11010100001100010101101101010000000
00000000000000000000000000000000000000000000
11100111011101101110110100101111
01100010011000011111
10010000111001100010110000100010000101000101110
11001100000110010101000110010101
11001111
1100
0111110101101111101100100011011000100111
110110010011000010100111100100111011010
0010000111101110111100000101
0110011000101101101011111000100001010101
110111000100100001101001101111
1111001111010001101111111000000000
00011110001111010001100000101111
011000110111101000011100110
010101110110001001100000101001001101110010111
11010111101100100110
10001101
10110100011000100110100100010
1101101101111
00111001110001111
1110100011100000011110111111001100110111110101
1010001001101010110010
001101101000110111
1101000101100100111010001000001001
100110110010100101001111101000100000101
1001110
011010000001
11001000101100001000011001001100110011110101
00111100000111111011011101001100110000100110100
000111100011110
00011110001111
1001000
001100001101110100011110000000101
000000010110101011010
0010000001001010010000010001001
11001010000111000111011111100
01000000100101010101001101
111000101101111001110001
11000
11101101100111
111100111101000110111111100000000
1101110001001000011010011
111010001101010
110101111011001001101110101110010101
1101100011
1010000110010110011111000
10110100011
100000110111111000110101001011101101
11110011110
001000000100101001000001000
01100001101101011010000
100111110
0010101011001001110110111010010010101100
110011
0100000010010101010100110111011110
01111111001001111011100001100111000110
11111100000111001110001111
10011100000001001001010000101
10000111000101111110111101100000100
0011000011
0101001010010001110100011111100011011010001010
10111011011101100101111
111111110
00110011
1111111100011
000001010010010101100100000100011111
10110011000110000101100
0100000010010101010100110111
01100101000010111000010011101000111101000111001
1011100011010100101000110100010
0100001011
11100000001111010
01100010011000011111001010111100000100000111
0010000001001010010000010001001011111100
0011
101101100010011110100110011100001111101011111010
0100011001111111100011001000111010010000110101100
001000000011110000011111001100
01111010101001101000010000010000010001100100
00000001111001111
01100011
0000011011011001100000
1111000111100
110011110
00110001010111111111011010110000101101101
110110110111100000100001
1111110
010111000001000101101101101010001111100000110010
0001011001110010001011110110001100
10100001100101100111
101110001101010010100011010001011
011111110100001101001011101110111001100001000011
01011110000010
010001100111111110001100100011101001000011010
01110001110111000101111001100101
1111101011100101010000001111
10110111110011011
001100
11111111000011110
0011110000011111101101110100110011000010011010
0110001101111010000111
1010000111101101110010011100000010010000010
011101000111100100100010101001010111100010
111110101110010101000000
11001010000111000111
0000000000000000000000
110011000
11001000010010010
10111011011101
1110010010110110010110011
1111011110
11100111011101101110110100101111111001
00011110
1011000011100001011001111001100111
10000111
001111000001111110110111010011001100001001101
11111011010011
1111110000011100111
11011010001111001100011100
01111100111101101
111010001101010010100101
0110101110011000011101101101
001010101100100111011011101001001010
0010100101010101000101011111100000010101101
1010101110010100101010100100111
101010111001010010101010010011100
0101111000101010000111000111
0011101111010001110001011011100000111
0000000001001010110111
111000000101111001010011110011001001011011101
0101110000010001011011011010100011111000001100100
11011011100100111111010000000011101100
010000100110
101101110011
111111110000
11101100010
11011100010010000110100110
1101111000100110101001011001011010110101
0001001011011011011011111010101101110001000111
11010100001100010101101101010
101110110111011001011110100101111000111100111100
01011110001010100001110001110
111110011100
110110110111100000
00000000
1110001011011110011100011011000011010
10100111110010000101
0110000011
0001011110100100101001111000110100110
11100111001101000010100010011101011
0110000110110
100001
0001011001110010001011
01100101101111110100011111101001101011
01001001100111101100111111
11011001110100101
11010001011001001110100010000010011100111001
110000110110
01000000100101010101001101110
00000110110110011000001100
0000100101100110
01100001001111000000000011101001100111100111
1111101011100101010000001111011
1011000011100001011001
0000111100101000101100111100110101011101001110
1101011101011001011000011101
1111001110000110011000000110010110
1010011111001100110001
00
0111000000010101110111110001000001100
000111101110110101010011101101110010111011001111
1000110100010110111100101001011110100001111100
10110000111000010110011110011001110100111110000
0011011
1101000101100100111010001000001001110011
1110110111000000011010001001000000001000010101111
011000001110001001000101100
101100001110000101100111100110011101001111100
110101110101100101100001110111110
1100100001001001010010
11101001010100011001010101100101
11000011
000001101101100110
11010001011001001110100010
00000101101
1001110000000100100
11110
0010000001001010010000010001001011
1011011111100001
11101010111010011000101100111111111110110001
0000000
110110111001
101001110100000
00001111001010001011001111001101010111010011100
0000011011011001100000110
011000000011001100110001001001111110
01010001011010111111101
101111001100110011110111011
100110110010100101001111101000100000101111101111
000000000000000000000000000000
0001110011111
110101000011000101011011010100000001111001111
01000000100
1000110100010110111100101001011110
01111111001001111011100001
011111110010011110111000011001
01011110001010100001110001110011
11111100101111101101110111
001000011110111011110000010100100110110100
11100111001101000010100010011101
110101110101100101100001110111110011100001
0000001101110001110010010110101011
0000010100100101011001000001000111110110110000
0111110101101111101100100
0110100111001100100111
0100100100011111101
000000000000000000000000000000000000000
0000000000
11011001001100001
010100101011101000110100010010110010010001011
001111
111111110000111100100111100001
101000011001011001111100000000
1001110000000
101101110
1101110001001000011010011011
100110101111001111010010001011110101111101011011
1111001111010001101111111000000
01111010101101001110001011110111010110110111011
010100101011101000110100010010110010010001
1001011010010
11010111101100100
1101101101111000
1001011
01001010000110111110011000010100
010010100000000101010111000011101001101011
110110001111
1111101101
1110000000111101
1101000101100100111010001000001001110011100111
101101000
011111110100001101001011101110111001
11011001001
01011100000100010110110110101000111110000011001
