122011011222001022122
2100021211122120020122020112122002211011100021
10110110001001
12110022101202112
202021002010022022202210210111022110
1101101000111100110001110011
1111100011111001101111100101
0101000011010100101100011
2012002
20202112012200210111
10110100011000100110100100010011
01220000212010201201
10111010010010011000010001111110100111
011001001001010101001100101100
011001010000101110
001111001110011100111000001011100
0001010111001000001101111101011
0110101110011000011101101
10000111101011110010000110010111
11110011100001100110
2221001201000220101021
110001111000111
02222
01100111101001111111010001110
2021212
10000000011011
00011001010110011101001110
011001010111
20002210220220110001202200010110222
00212100
0002202110011101220
22110002120201210112222211102222211211010102
110110001111100011010101110011
0100010001011010101111
02022000210200211122
01000100010110101
1101101000111100110001110011101111110100
10011110101110
0111100011011001
021122110200202102
0102100112021122
122200011112002010201211022212212
0110210
10000110111110111110001010010
101102021012011
111000101101111001110001101100001101
1001221200210202221012202212211022102202
011001010000101110000
01011022
00110210
01101101011010110010010100000111000111
0101100110010001010101100010100000001011
220112220112
2221210202222110001011002022102222010222211122
111010220222
10001000001110
01100101000010111000
00111100111001110011100000101110000101
101101101
2010111201210001120
1202210210002101100
00011000111010111
100000001011001100010000101110111011010
110011110110000100001000010001111000010011111100
1110110110011110100100000110010011110011100111
0100100100011111101101100101100101001000
2112200102120202111110220121122201011111221
1000011110100101
11110000111011100100101010101110111
010011
100011000101011000000101
1001111010111001000011111000001110010
0011011011011111001101100010001101100110100010111
22022012122120020002211102201121110201111
011110101011010011100010111101110101101101110111
100101000001100000011010010100101111110
2211202001
01021110
020102222000110012
00010101110010000011011
110010001011011001101110010011100101101
122102010210012201212021021111210020102000
01110000000001001110101001
110010111100010000001101011011011
02111002102022101000202001111021020201100
0110110111
101111000110101100111110000000110100010010100
10000000101100110001000010111011101101
11110110100111111000101000110011
0110011000101101101011111000100001010101011
00022212210112001222012200210020022121022
10011010111100111101001000101111010111110101101
1220201220010001020012000102012110211201121201
212022211
2210022020101121000002010221220111221112210112
012200122221210211210222201100120011212121000
01212011210122000
12000221220211
11100010110111100111000110110000110101111000
100101000001100000011010010
101210102002211011
1011011011000001101000101
112200222022221100202222021101220
011000110110101111101001111001111111000001011
110110010011000010100111100100
011100011101110001011110011001011010100
11111100111000110100010000011100110010011
11011100110000001011
20121101201012102211112002101220022
0111110011110110100010001010101
01201201212222211222112002101121
2111121101010010102100000220221021002211221122111
01211110120112110
0120221022220
1011101101110
110110100011110011000111001110111111010
1001100
110000110111111011001
101101100101010000100101
011210211
001010000000110011110010010010
12002002200
00000101101110010110010111110100
0020101201002020121
10201220201112211102111011201210011020022021
111100001110111001001010101011101110
21001
012111112
1100001101101111110100111
0021100011
1012101020022110110
1101011010111010011001101111001110000
011010111
1001001110001000111111100100011111001001001000111
1220201220010001020012000102012
10000011011111
00011000111010111100110101000101
12220001111200201020121102221221200
0012202210012102
112002200001120000220
21020
201112021212001000122020120121000202120111100111
22110002120201210112222211102222211
21210
0122212212001
111110011100111001000111
22100220201011210000020102212201112211122101120
01111010110100011111110000000001000100001100
0100111011000111101010001001011110001000110101
202200221012121120021001
1110001011011110011100011011000011010111100
2200200001200120221110112020100022201
111011
2020021020222012110102101121200010021222212200
000101
010000101110101110101100000110110000
1000100000111
1000101010000000101001010100110100
111100111000011001100
112120212110201222121101022022122212010
20212201221011
001000011110111011110000010100100
1011001100
0111011
001102100
12002110100022
10100110110001001001101
01220012222121021121022220110012001121212100000
00002022002010102222222102010210202110
11100010110111100111000110110000110101111
1000110000101010010
10201
1110100100000001010100011101010101
1110100011100
001100111
002211112022121020121011100002021020121112201
0021111122010202
1011121011210022
1111010011
000000000100101011011111111
0110020120010210010001100110
1000000010110011000100001011101110110100
10011101011111001110010101110001111011101101001
0110010010010101010011001011
02211122011122220000112102022001001122101020121
1001110101111100111001010111000111101110
011111000111010111100001110111
11111100111
111111110110110100111001011000010011001011100
101011111000001010010110011100110011111
0110010100001011100
01111000110110010000
001222210220021202022022202011020101002122101
101200120102021021211111110
10110000111000010110011110011001110100111
0221122111210
102012202011122111021110112012100110200220210
122001202222001012010001021100202010212
01000111011100
101001101100010010011010
011001001001010101001
10110000100011110011110111
010101100001011000
000111110010110000110100000100100001011
0212101100000022011200012111211121002110112110
110010001011011001101110010011100
111010001110
111111111101101011010100101010001000000110
1101011001010101111100111
221002202010112100000201022122011122111221011200
00111111010001110110110010000110011
212201
1110100011100000
0100011000100111001001110111010
210020102221021
111010000101000100100
11101110001010010101011001010011010011100110
12000221
2221011010111201121011202002111012210
0022200010102102211200011012100
011100011001110011101110100110010111001101001101
110101100101010111
1100110011000011010101111111
100000001111001011010000000010100110100101010111
11111001110011100100011111110
000222212
2200221020122
00102111200020222
111111110110110100111
110111000110
1111010011110010101010010111001001011000011
000010011
0110110101101011001001010000011100011100
12220212010120
0011011011011100110111100011011100000111
02200210
001000011101011000101110101
100011000010101001001111
1110100011100000011110
01100001101101011010000000100111
1111011110101
0111011001111100000110100011000011
1100010021021111121100201121000211122012
1101110001101111
21010102100012011120
111101101001111110001010001100110111100
0100000111111111101000001111110101101101011111
201001111202210102210211111120111122020020012111
1122011010011200010002200122210211112121102102211
102102112011111211120211211212110002220121001
20120010022222
012120112101220
2201202111121121211120010022220
0010000111
000001110000010111110000010101100
11212021211020122212110102202212221201000
1001110101000011110110111111011111101
1002021221102010
1111001111010001101111111
0101011000010110000
011001111010
220112121102020220121202112112000120100211120
0110101110011000011
10120012010202102121111111
0100111001010101111110000101
110001002102
0111000111011100010111100110010110101000
011000100100100011111000000010000100110
000122022101012011
220220121221
1110110001000101110000
01111101011011111011001000110110001001110110
02211111120121220022
010101110110001001100
111011000100010111
011001111010011111110100011100000
000222121111222200202122121200110212002201
1000001001100011111
111000101101111001110001101100001101011110
1011100110111100111
0110100111001100100111001001000111010010101
1001000011100110001011000010001000010100010111000
110011001100001101010111
0010000000111100000111
22011212110202022012120211211200012010021112
0010100000001100111
1100011022212111002022001000120220120
2201202111121121211120010022220120000000122121
01100111100100110101011111101111011110001000111
100110202002222212002201
011000000010001010110011000010100110101
120222102002122101220212221002021112022
01111101011011111011001000110
1001011010000111
012012012
1100111
11110011110100011011111110
01110011011011110101101101000001010011
121110112212010010201112021001
000110110101001101000100101111011101001010010
10000122001221122020112002001220022002
20201022
0210110021
12101101021211022101
211201020102201110
11220022202222110020222202110122
1110100101010001100101
0001100011101011110011010100010101010101
0011000001001111010101100001100110101100
0222112220011102200111022202
01000010111010111010110000011011
222101101011120112101120200211101221
0011000101011111111101101011000010110110111
1000110001010110000001010
10011
111111000001110011100011110100110111
000111000011100100110101011
11111100111000110100010000011
10210120100110100011201020020022010101200011212
100001110012012
1222200002222201112211122
0020222210221122002210211222
112101202201212211210
010010100000000101010111000011101001101011110
1111001110000110011000000110010110111110101110
01010111011000100110000010100100110
10101110111100111
202002102022201
01001110110001111010100010010111
0122001222212
1010201210202112020002210111212022212112210221202
10111111111000110011110001101000011
22001002112211001021
001010001010
110101111011101011101000100101100100000011011101
02201112110000122
0010100011110101220222201110200
1001000011100110001011000010001000010100010111
10101111100000101001011
120221021000210110
02222101022022210000020202012011
11011100010010000110100110111111
11221110200122
00101
010001110101011100101
10000000010001010111100101111010111011
00001001011001100001100101
11101000111
010121222210221001020022201112211200102212001022
1111001111010001101111111000
10111000100101010010100110111
000111001111111000100100010001101011101
00101000101
120110111011101101000022122002112202122102102
11111000111110011011111
221100021202012101122222111022222112110101020
2011220
1001101011110011110100100010111101011111
1112111112102021211100220002210221110121120101
0100010001011
011110111101010101101
0002201111012002011212012211012012200220200120121
002220001010210221120001101210
0111100011011001000001011100010
021110021020221010002020011110210202011000
01202210222200
0110001101
00022212210112001
00111100111001110011100000101110
01212020102102222
10122021102100012211120212210122212000221000002
1022
11001000101101100110111001001110
1001101111111010100100011101010111010011010
1001011001011001010111000000111000011110011
11101111011111100001000011001000011000100111011
02221122
10000011011111100011010100101110110110001101
01001000101001
021110021020221010002020011110210202011
011020100121220110
122002121200200200021100000122110
1012001
110122211110
211010122101121
0111000111011100010111100110010110101
000220002022020021221211011002020102110200112202
00100000001111000001111100110000001111010100100
0212021200000021112
010001001111010001101000000001
2221210022210201001110120202002210122
01110001010112100011022
100000110111111000110101001
0121111012011211
0110010110111
110100000010011122
01001010000000010101011100001
012200122221210211210222201100120011212121
2111202020211111220
0221110222012
02220120110211011010110202220
111110101111110000000010010001101010001010
10101111
22221012121
012210111
011001011011111101000111
020221022222
1011001100011000010110011100001
011110111101010101
0212111112020101
01201201212
111100111101000110111111100
2121211112001121111121121120200000111201120220
12221
22212100222
01202021101201122000212100202021200001021
00001001011001100001100101100011011100
0101212222102210010200222011122112001022
12221211112011
01001101010111011
1211101122120100102011120210010200101122011212121
1220110112220010221220
20022000
10000111101011110010000110010111001111
0010100000010101000010010001100100001101
11011001001100001010011110010
012012012122222
0101212222102210010
0111101011010001111111000000000100010000110
100100001110011000101100001000100001010001011100
211001111022110
00202211212202211
01110001110111000101111001100101101010
21222
11101000111000000
002220001010210221120001101210001020110221102201
012122020121211221011010212111200
200220102220102002121210122000000111220200121221
2002212000
2111112222012001001202220012120201221002100002001
21120220201201
10200201112021200110
2211112122200122020111020122011201011012211
022112211121
1101100011111000110101011
01100100100101010100110010110
010010101011011001100010101101110100001110000011
1101200120200220122020110112211022221011110120100
01010
2001121122022000010112002100011021
0121201121012200
0001101000111101011010111001011110101110
11010111101100100110111
00111010110
00111120010110202120202002201002212
1011011111001101110100010000001010
1101100100110000101001111001
21202221102022211121100211211210202012010012021
01100010011000011
011011010110101100100101000001110001110
22102120200020011
00100011011010110001110010010010100
111011110111111000010000110010
011001111001001101010111
122102
01101101011010110010010100000111000111000
0000100101100110000110010110001101110
11011010001111001100011100111011111101
11110001111001001000111
021020
021210110000002201120001211121112100211011211
1211101122120100102011120210010
0100100100011111101101100101100101001
11110011110100011011111110000000
2120222110
202211110102102100111000112
01100000001100110011000100
010000011111111110100000111111010110110101
2212120111010
111111110110100010010101110110110101
11210120220121221121012111221120222
11111000011111001101011101
210012221201020
1201101110111011010000221220021122021221021020
200112012222101222002210001020020121
100111010100001111011011111
0210200
011111010110111110110010001101100010011101100
0110001011101110011101100001001110100000111110
02120212000000211120
001010101
2101010210001201112
10011101010000111101101
011000011011010110100000001001110
002102
2201201201011210
110022102112021
111111000001110011100011110100110111101101
1101011100110010100110100
1022121200
00010101010110001011101011
12101
021120012210101012101102110222100100102101021212
111101111010101111010010100001100101100
0011021
1100111101
111100011110010010001110
01212202012121122101101021211120
221100021202012
21112110011221012221
1021022100200220212202212012200210112220021
2010011112022101022102111111201111220200200121110
1000110100010110111100101001011
2221021
11001012002121001
0001100010
1101100011111000110101011100111110010010001010101
12122000202122100
0001011001110010001011110110001100010101100001
010011101100011110101000100101111000100011
1110100001010001001000100011001100111100100111
10011101010000111101101111110111111010101
101001111
1000110110100010000110000
01101101111111101010101100111
11010110101110100110011011
010001001
001100111001001111100110100000111010001000101
00022212210112001222012200210020022
0100111001010101111110000101111110000001000110110
10011101
02220221122021202200102001102122110122121
11100011101111011010011100111
20202100201002202220221021011102211
110101101011101001100110111100111
001010
11202101010
001000110000011011001001011110101110
2000100112011012012
00110001
01001211212110012
0001002002012
2121200110201020120210102120111202201101101200122
0010100010010010111
0110001001001000111
001111110100011
021002101021002122
0010100010100101
111100111101000110111111100000
101200120102021021211111110110012112102
002122002222202211110201101100102110221
2202011100112
0100111011000111101010001001011110001000110101101
100110111111101010010001110101011101001101
10102021022
0110001101101
111100111101000110111
01001101010010101010110100001010101000110111110
100111010111110011100101011100011110111
110111001100000010110
1121202121102012221211010220221222120100
10101011100101001
100100111000100011111110
1001001110001000111
22212100222102010011101202020022101221111
0101212222102210010200222011122112001022120010220
1111001110000110011000000110010110111
102101201001101000112010200200220101012000112120
002000100111121
00000000010010101101111
11110011110100011011111110000
0100011101110
00101000111101012202222011102
1012221211120
010101100001011
0100110101001010101011010000101010100011011111
100000110111111000110101001011101101100011010
0010100
0011000011011101000111100000001011101111
011110101
0122001222212102112102222011001200112121210000
111100011110010010001110101100000011101001111101
10010111101000110
01111001100010
00101000111101012202222011102001221222
20200210202220121101021011212000100212222122
2210200100222021112210120212222020120101
0100010001011010101111110001101
2021220122101101122220201112012
1102002222011002111110112001020221112
1110101010010010
1100111101100001000010000100011110000100111111
1212112221100100211
012210111111202110001202011
002010212101000011
1010011011101000011111100101110100001110001011
010001110111
0111111101000011010
100010101000000010100101010011010010111001101100
00222000101021022112000110121000
101110011011110011111011110110110
101001110000111100111110011000001001001010101011
201122
1211101122120100102011120
110110110111100000100001010111111010011011
111110011100111001000111111100
00000001011010101101001101110110010111
100211
1020122020111221110
11110111111011111110110010010010000011111
1200121202200100112
11000100210211111211002011210002111220120
22021201
0100001011101011101011000001101100000011111010
110011001100001101010111111110000110111110010111
111010010101000110010101011001011
110101111001000001010110001111100001011001101
101000100000100101110001111110100
000220211001110122
01012202012202221220000102100122201000012212121
0010101010
11001111011000010000100001000111100001001111110
10122100
2000010200
00010001010111001
2000012221011022
1111100011111001101
11101000010100010010001000110011001111001001110
11010110101110100
1221020102100122012120210211112100201020
1212100000122110200210010020221122212120020001010
110011110000000110110010111
001111110100011101101
10001010111011010110
100011111001101
100101000001100000011010010100101111110111011
20021022202102
12200212120020020002110000012211
210000020122222
1000001101111110001101010010
1101011110110010011011101011100101010110111
11101001000000010101000111
200022102202201100012022000101102222122010
10010011100010001111111
1010100110000110111111101011110111
00101001010101
11200220000112000022
01110011011011
010000010111110001101011100100101
2110021221121002012120000012021211212220221
10100
01220012222121021121022220110012001121212100
01100010111011
0000202200201
000001011011100101100101111101
102012202011122111
0110010010010101010011001011000
02210022100101110120211
201200100222220
121002222121122
110110111
01000110001001110010011101110100
10220
1010011111001100
10000000101100110001000010111011
101222121112
0101011000010110
2102
1202010002002002210010
0221222120002122122
100101000001100
111110011100111001000111111100000001110110
02101211
1101202111120021212220000100211222
11101010011011001001010110011111100
01001001000111111011011001011001010010000
0002111001
10011101010000111
1111010110012010002211022
1212200010220102
100011010001011011110010
12011011200211122012111212122001112200200010121
101110110111
111101011001201000221102221012202022000011
100010101110110101100000
0111110101101111101100100011
0222112220011102200111022
1000001101
12122201021111000201
1220021212002002000211000001221100
222121122020122111
0011110011100111001110000010111
210010012110222
00222000101021022112000110121
021022210220110
11000111100011100000001111111011101
20212201221011011222202011120120
01100000001000101011001100001010011
202001120021212
12022102100021011
12100110202202010220
01212011210122
011110011000100000
0121220201212112210110102121112
02022102
22002202212200201
100011111001101110011011
111001100111111100111010001010001101
0011010101001001100000110101001
1221020
102201211011200000221021102121102010
001110101101111
0001011110100100101001111000110100
021020001211111111
001010011010101101101110011101
000020012100102112102200021221012021102022021222
11001111010
1111100111001110010001111111
0010100110101011011011100111011001011
1122010120121202
1010101
00011000111010111100110101
11100011101111
01010110000101100
1111001011100100111
101001010010010110000001110101110100
110101111011001001101110
0110010101110
111101111010101111
110010120021210010
1111100101101010100010011011001010001010111
0011110011100111001110000010111000010100
01021001120211220
21000212111221
10011100101100
022000222002110011
02121011000000220112000121
201011120121000112
01010101
1101101110010011111101000000001110110011100
101
2021220122101101122220201112012011211101
00000101
002120110012
10111001101111001111101111011011
02221122200111022001110222020
2211111111220
12020100020020022100100
100011011100010010010001000111
00022021100111012200
1111101011100101010000001111011000110110101001101
11202010211221
10001012220020012101
000010010110011000011001011000110111
01110110011111000001101
1010010100100101100000011101011101
1122002220222211002022220211012200
100101111010001100
01110010001011110000111010011100100111000000111
2102022020102
1010201210202112020002210111212022212112210221
111111001011111011011101
1001001110001000111111100
0100011101110000110000100100101000100001000110
010101110110001001100000101001001101110010111101
0010100110101011011011
2201202111
11101001010100011001010101
000000000100101011
2112210222100110022022121200202200111100111021
100111010111110011100101011100011110111011010010
11101000111000000111101111
000000000100101011011111111110011011010011
101111111110001100111100011010000111111
100011000010101001
201110101
1000111110011011100110110
02110201022122122111202122121121022
120201000200200221001
1011011011000001101000101001100100010101
000111000011100100110101011101110111101010111
1011011011000001101
0100101001001110000011100011101101111110111110
012222211122012112102001222120110201011021
1111011110101011110
121101001002210
001010001001001011110010110101101
2222202012
111201012
2202100212121
2201122201120
0111011001111
00011000101010110101000011
0210200012111111110
00210111002102
220120211112112121112001002222
1222000111120020102012110222122120
11210120220121221121
011100000000010011101010011111
202122012210110
01101101111111
121122021022201
11010111101100100110111010111001010101101110
10001100001010100100
01100101000010111
200221200
12210201021001220121202102111121002010200
121220121010021
120002110212102010
001000110110101100011100100100101
20112201001102022211110122
11110111101010111101001010000110010110
0101
101101112222122
110010001011011001101
222121201
012022102222
0100101010110110011000101011011101000011100000110
22121222
00020102000200202012101
22101212
10011011001010010100111110100010000010111
1111102100110011010210
10210221002002202122022120122002101122200210
0111110101101111101100100011011000100111011
12111020010102
011110101000001101110000011000111100000011101
22002210201220
11202010211221200210112001011112
0111101010110100111000101111011101011
000000010110101011010011011101100101110
100111101011100100001111100000111001
0010100101010101000101011111100000010101
11101000111000
20022120
002200101111100011102011
01101101001101000111
001020000100022
00011000110010010111
110111000100100001101001101111110
01111011110101010110110010110
000111011
220220121221200200022111022011211102
1001111010111
22010121021
011110000000111011001111
002121
001010001001001011110010110101
101211111002212
11101100
11011100011011110
201212012001
0121210112222100210001202012001020120012011111212
000111011000010101110001010110101011
222102201
01101101111001000001010110001111001001011101
201222122000
01022
012100112011202212202002100110002022220221122
11000111100011100000001111111011
21101100222211111110222121220022110212011
200212122022012000222002002012221201210221
011111101110000011101010110110110101010010111
11011100010010000110100110111111010000101001
2121122011201
0022111120221210201
012020211012011220002121002020212000010211202102
102201211011200000221021102121
12101100011001
0011021000
002222202012000021001021221001001222210110
010010011001111011001111110110000001100001101011
200111221201
020120222221
00222220201200002100102122100100122221011
10001101000101101111001
220210020012220
1001010000011000000
000021210221011212010212022122012
101110100100
00110000110111010001111000000010111
10100021220112020022211010212102101022221212
010211220200011
210210111022111
01200111120111
20010210121010010200
1101011110010000010101100011111000010110011011111
0000200121001021121022000212210120211020220212220
122011011
012202102011210112
0122001222212102112102222011001200112121210
10011010111100111101001000101111010111110101
011110101101000111111100000000010001000011
1101100220100110
001100000100111101010110000110011010110
10000000010001010111100101111010
011101111111101011111010001011
01010101011001010010111000001011
011000100
101010111001010010
22202010
11111010111111000000001001000110101000101
112202100
10010000111001100010110000100010000101000101110
1012001201020210212111
002222
0120202110120112200021210020202120000102112021020
02110201022122122111202122121
000220002022020021221211011002020102110200112
11100000010111
011111001111011010001000101
11010111101100100110111010111001010101101110101
0110001011101110011101100001001110
10101010011001001000010000111011100110010101100
1111001111010001101111111000000000
1010000111101101110010
022111220111222
010101110110001001100000101001001101110010111
011011011111111010
210012212210
01012122221022100102002220111221
2200011102102221
01012001222122100210
20212201221011011222202011120120112111010
100110101111001111010010001011110101
11012001202002201220201101122110222210111101201
01222000111
10001100010101100000010100
00210210112112110
121210000012211020021001002022112221212002000101
01000000100101010101001101
011111110100001101001011101110111
021010211202202022212
200221200012221
0222012011021101101011020222
000110100011110101101011100101111010111
11101101100111
111100111101000110111111100000000
010110011
010010100000000101010
210220111
111000111
2100122212010200
01111011110101
22010102021221
1202222012
101110110111011001011110100101111000111100111
0022221010001122200202010200020102212000122202211
0000202200201010222222210201021020211
21211220112010
0111110001110101111000011101111101001010011
01000111011100001100001001001010001000010001100
202002102022201211010210112120001002122221220
111010001110000001111
00002022002010
0211100210202210100020200111102102020110
0221112201112222000011210202200100112210102012100
0100000111111001011010111101100
00011000111101101101001011100000010011011010
102201000121
20110112202021022011
00010100100111101000000010100001100001101010110
010010002
10110011000110000101100
01100101000010111000010011101000111101000111001
0110011110100111111101000111000001010
2120222110202
1111110011100011010001000001110011
221011021
2000101222110202121
2212222
011000110110101111
1001011110100011001111
121110112212010010201112
22221120222
111021002112012
101001101101001000011
100111101011100
11001111000000011011001011100111100
11000111100011100000001111
21001222120102
02100210102
022111220111222200001121020220010011221010201210
011021
211020202021020
00010000101110110010111
2202021212011
120202221
000000000100101011011111111110011011
10011110101110010000111
00011010001111010110101110010111101011100
111101101001111110001010001100110
00010100
2020002002212012
220120120101121
21000212111221200201220201121220022110111000210
100101111010001100111110000001110010110
0120121212
00101000000011001111001001001
1011110001101011001111100000001101000100101
2112200102120202111
0100011101010111001010
11001000010010010
21001222120102000
00221200211121001
10000111
022011101111011
021211122022221211101102002202021102111012
11110011100001100110000001100101101111101011100
01100010
22210110101112011210112020021110122100
111110210011001101021
1100201111222221211010122020221020100222111201020
22111121222001220201110201220112010110122110
122102010210012201212021021111210020102
01221112010001211
111000000101111001010011110011001001011011101
010011101
000110001010101101010000110000
10102012102021120200022101112
2202201212212002000221110220112111020
0111101010000011011100000110001111000000111010
0111100110001000001111
111010011110011100011000011100111010111011100111
112210212022
00011011010100110100
02102000121111111100
011100110110111101011011010000010100111111
12110100100221
01000110010000100110
212121111200112111112112112020000011120112022
110001102221211100202200100012022012
22210110101112011
1110001011011110011100011011000011010
1100100010110110011011100100111
022120102220221
010010010001111110110110010110010100100
2120010211221011
01111000000011101100
11212021211020122212110102202212221201
00100011000001101100100101111010111
0001100101011001110100111
20010110112201
1212220102111100020100
111010100110110010010101100111111000000
1111011010011111100010100011001101111
12122000021
01100001001111000000000011101001100111100111
0211002022
20212
01010111011000100110
10220121101120000022102110212110201
11110110100111111000101000110011011110
110120012020022012202011011221102222101111012010
01001110010101011111100001011111
100011011010001000011
111100111000011001100000011001011011111010111
0101221112010102211202122001201000001211
221121122111200
110020111122222121101012202022102010022211120102
011000001110001001000101100
00001222000010212100
010011010100101010101101000010101010001101
0010001101101011000111001001001010
221012
221022221010
1222121222101211022112220020001011
10220121101120000022102110212110201022112022112
1202221020021221012202122210020211120220
010001100010011100100111011101
111010010000000101010001110101010111101011000101
010121222210221001
22120212
2001112212011101200010112111110221
111010001110000
1022200120000222
10100110001000100101000100001001110100111
001010001111010122022220111020
011002012001021001000110011
0021021011211211
0122222111220121121020012221201102010110210
2002212
0000001101110001110010010110101011
1222021201012
00101000100100101111001011
0211202222101201220012101001001220211112020022
11010111
20121101201012102
0121220201212112210110102121112000
011011021200120202
01001001000111111011011001011001010010
1101110001001000011010011011
0020221121220221110011002112012202121
1111001111010001101111111000000
121222010211110002010
10020102122012211
20002210220220110001202200010110222212201
10100010000010010111000111111010011100101000011
0011000011011101000111
1100010021021111
