00100001111011101111
010222220022210212022202122002220000211020
2442423243133130044005
0100212120200000011012111110102222101101110
56031613515
112121110002210212211121102022110200020210202
221011012121110120222012112012101102221200010
022201201102110110101102022201022021
022212110002200100102212222210121220210202
2002101
21001222120102000201221
1110100101010001100101010110010111
0212101100000022
1010101110010100101010100
61300314
1001101100101001010011111010001000001011111011
01000010111010
5506063042566
1202010002002002210010022100221020012222101112221
4343033043102215551101003
01100110101
334211150451
01100111101001111111010001110
22332213
110010100001110001110111111000011000101100011010
112011
0042402141
16050366666131243020201264314
12021102100101010110102200001012
00212100
22212212100102021120211221102
554450312114243120340
2220001002212111222221111021210010202200220
1342134
303513513
01222111020
010021212020000001101211111010222210110111
14004243413040330
00102111200020222202011120020121221202200012210
34132323420234
110110001111100011010101110011
1212220102111100020100211120012202212202201011
01010111011000100110000010100100110111
110001100000111100010101100
00110001010111111111011010110
220022102012201000110201011222220201012101200022
01001110110001111010100010010111100010001101011
1001221200210202221012202212211022102202
444313004001
01101004560266646
11221211102220002210210012200022220111010122
101110100100100110000100011111101001111000110100
101001110000111100111
1042323343215554241
1022121110202001111011100222002211010020121021220
03561563610411663316011645411263526
0111100110001000001111001
201211022201012110222201020220112221010000201100
120220121201212120221020221122202221
101101101
1022121110200002212221122222122201010210
240342322362536205
21020020210110
112064411351100
0641315451654513
2524312125450045243
321020311241244
1100011110001110000000111
414313110
121220121010021212001020112222101221112020001
0000212102210112120102120
12200120222200101201000102
011111011011000101011100010010100010
10000110111
222122121001020211202112211020
111101111110111111101
210210111022111100221211021210202000
111202202000111100010122111210121221
01021110
0121022221210221212120021221010020121022
0151420513524533042103
016354614551402503416622116
453500123643
110010111
10021100000111001012
10000221010202222121201200222012201110200220200
1101000022220201112
1020200222102220000
2210022020101121000002010221220111221112210112
3214235540342320355301255450251433104320422521214
1011000010001111001111011100110000010100011001011
1536661462205055456
1000000001101110010101011111101101
332004
21000200122002
30450
0204652604045361413506544555342021502
10110110010101000010010100100100111000011
20143534213235445402451533103344133154332455
11202010211221200210112001011112100012
1011001100011000010110011100001011010100
0001010101011000101110101111000110011111001100
0001111011101101010100
401002121224024135431453
1012010202000111
0301112213121
0010111000100000010
111011100010100101010110010100110100
22212100222102010011101202020022101221111220
12200212120020020002110000012211001010200121
0021100011
10111001221022121222011121122001020002220001021
430524302151233300420133
0222121100022001001022122222101212202102020
011010111
010111100000100010101111011011001001
22121211
2102101110221111002212110212102020
1010222021121020021021112112212112110002121
10000000011011100101010111
2121010000112001
31323
32122245143031344424214132544344051050443440533
2200100112020221111221102100000201221222110100012
21210
5112445350425451210
20220100121010
22100220201011210000020102212201112211122101120
21432041223
4165266351625020
44453151034006523163146261323161363136312424361
10100111110010000101100000011011111
0100010101000101
01022222002221021202220212200222000021102
40301103515241553542
2020021020222012110102101121200010021222212200
0221112201112222000011
1000110011101000110111
5524333113543515001
2001011011220122102122
0110000011100010
01101211102221012
25243121254500452430
1000101010000000101001010100110100
102012202011
112120212110201222121101022022122212010
01101101001101000111110110101101010010101100
2100122212010200020122100
12002110100022
101000001011110010000111001010110000000011000010
4410401320221
43430330431022155511010030
11110111111011111110110010010010000011
0212020210110
143401210200
00011111001011000011010000010010000101100000011
40013220243220044243
12021102100101
122120112202211021021101221202010210021200200
031015345310512125305121
220101210212212100120010
121210102202121
001222210220021202022022202011020101002122101
5616303052532056001154524140210044253230054
0221112201
22121110221211011012001021212111120121012110
42221300343
00105323253101620544106
122001202222001012010001021100202010212
00001110100100101001010111000100000110010110
1002211210012222012120200211202200021211211
111010202221202202221100100222011012022221
1101010000110001010110110101000000011110
220222210221222021200110110010012102022022
3111244212243
12222110121111011012020220122220020102122
01111011110101010110110010110100100111100
01514205135245330421030
1001110101
112000021100022122120222111120111000202020210220
6066431413615466325
221002202010112100000201022122011122111221011200
0010000111101110111100
5611443
130623651212253
010110011001000101010110001010000000101100011
43045164153000
01100010111011100111
00120012210221112000212111111021012110122110220
02221122200111022001110
04203322440410324244
110101110101100101100001110111
30500255312522550631005531512533136353410
1220012022
2212111022121101101200102121211112012101211
4642163314452560663411306634606245204521356412566
110221220201212221
13061565040600212
1120000211000221221202221111201110002020202102200
10102012102021120200022101
2212111010220021
1002110000011100101200
6
1010000011000100101001110000110
2102211201
10001100111
0101111000001000101011110110110010010000
1100010021021111121100201121000211122012
000221010
4420110
2221221210010202112021122110201120012110002100
201001111202210102210211111120111122020020012111
1102101220111212200012110021012020112020211000122
201111
222000100221
261523430145
2342411124
130143
41121353124142315425
11212021211020122212110102202212221201000
526450014503562
2221210022210201001110120202002210122111122
1011011111001101110100010000001010010
21122220
03403200
20413213344343035522
12212011220221102102110122120201021002120020
234403313456666425333503
43122
000011101001001010010101110001000001100101100
00105323253
102210102221102111022012201100111110010211211210
11010110101110100110
13260
2011220100110202221111012222200100211010122201
00010100100111
120211021001010
0022022201201010111121022120110212211111221
0010532325310162054410665233524
00010100100111101000000010100001100
62310
200002112011120120012220201202211100010
02211111120121220022
221100021202012101122222111022222112110
3331104242340
00210220220212110000
010011100101
011001111010011111110100011100000
001021112000202222020111200201212212022000122100
000222121111222200202122121200110212002201
210210111022111100221211021210202
1011110001101011001111100000001101
12000221220
22201221001021202111122012220112221202
3243
2220120202202101102001201220012022201211120010
100211000001110010120
1111010011110010101
22212212100102021120
0110110100110100011111011010110101001010110
03310154335223104102344
21201122011011001020
444402
2442343544121432510
03012
2201202111121121211120010022220120000000122121
020210100220020210011012110022022222122022111
42443624156321321001
3004304301
120222102002122101220212221002021112022
2112210102011121
110111000110111101
011010011100110010011100100100011101
3050025531252255063100553151253313635341
052001556
10000122001221122020112002001220022002
110121120221212101111022202022121121211
1212220102111100020100211
302302044321
120002212202112101221001221201111021002000220110
65123112044601
01000101010001010
0024203100
0011000001001111010101100001100110101100
2221221210010202112
41452662
10022112100122220121202002112022000212112110
1012221110200201100101112212101201012002211122001
2112222
1200022122
10210120100110100011201020020022010101200011212
026660206152615420
011000110110101111101001111001111111
010101110110001001100000101001001101110
21201111220001212000110102
51152323424515213041
34011144255513421215
011110101011010011100010111101110101101
30204104112
001111200101102021202020022
000110001110101111001101010001010101010111011
222101101211201020012201000122022210201222011
0000001111010101010110110010101111
1101101110010011111101000000001110110011100010
2543222014615366236330346254553156250545442166363
1000110110100
03022131
0202221012202111102011012221002210201020002101200
01101011100110000111011011010011100101000111
10212121212111
00102210
0111001101
122221101211110110120202201222200201021220
2332413201124344021
604053210334626434632552044156346236343065
020222101220211110201101222100221020102000210120
10101011100101001010101
2221221
416526635162502
0222112220011102200111
523062
23142
220122120111021101122121020010002200121200022020
2532045123112525415152114135344130213244313114525
0143243024003031351401221320
12220110100012012211221222111222021012011
11001101001110101000011100010001011100
10110111111111000010100000111001
1002221012122020200002001221012022122211001210
021011002010200020
011100110110111101
02122102212011222110122021021222100202001
1222110020111112002010201102101122112201001202200
111010101110100110001
1112111112102021211100220002210221110121120101
33405365433243244536435
303
55634430
32331
1101011001
10122021102100012211120212210122212000221000002
034461
2211211112122012020212202220202121021
4235244
02221122
62252465251516333104
421203
4203222024043404
0012112212
04423214130
12000221220211210122100122120111102100200022011
22350
6310303045122
61263303362314140552
6640104546
015142051352453304210300
011110111101010101101100101101001001111
45544022435112341442342422153035214451524325
1000000101011011000101010010000101000101000110100
10101111
3100062651100631166
32122245143031344424
32063532
220100202212002020112102102200211000211222121
032001
3304041321131132103
002202
03621
643020643055232601310565546653160341464446
00111011110100011100010110111000001111010100100
312025535146611454443132332160300435615033605361
0111101111010101011011001011010010011110
01201201212
102100220021102221012110
444565463305155
22212100222102010011101
122022211221000
6615031556106243606
330132410430
412421441102032523001345
1202112210010200120122210022102012220111020120
001020111200121
11554024520550333501
111010101110100110001011001111111111
104430403104
1020120221211000001122111012020212202202201010011
02126642166222444
01021101222
224034131230111200
10100000101111001000011100101011000000001100001
50254645263264051
1211101122120100102011120210010200101122011212121
20022000
210212112100111122100111102122011111200112102100
11110111111011111110110010010010000011111111
1110202022122221110111211120110201212122
2120012010122110120222020212012110221200202
000000000100101011011111111110011011010011101
1112000112212121100110201021210112210210201002012
01212202012121122101101021211120002000221120002
2114004243101006254265001
30132314101203
2521360244453643360463455646165265661
12020201121222100021212102021220201012220001
00011101100001010111000101
200220102220102002121210122000000111220200121221
345046311311532
1022212012121020202011001100001221102110111011221
2222101221211211001110212022121201012111
22210122112112110002120122011102122201102
2211112122200122020111020122011201011012211
1101200120200220122020110112211022221011110120100
001100010101111111110110101100
110010000100100101001000000111010
1221201122022110210211012212020102100212002
2111211010100022220121221211002120100212120101
2210110121211101202220121120121011022212000100
00111010110
2300015661112255531562305240253345455235166225
2122000022211000220001102022211200010221022122
644646646431532653546324466245414223452204525
0010532325310162054410665233524200003554461
12012121202022201201010121002122000211202202
1011101001001001100001000111111010011110001101
1110011111111010011111001001100000011110000
22110111212010021120202202120010212210022000210
2105532320022124440255
15505645104440014414534443536322442521535344
43414435435631031
01111100111101101000100010101011001101110100
356244004602
00101001010101010001010111
46224
01001010000000010101011100001110
055662
0334312012202331
2022143431200
1033453541443433013
111010101110100110001011001111
001200122102211120002121111110210121101221102200
1100101000011
222022212021
2664260430214432225502663013
22110002120201210112222211102222211211
1001220212220010112010002112101211122202021102
00011100111111100010010001000110101110110001101
101110110
015145615553214
20201001020222001101022000120
061330362542436
2211011121201002112020220212001021221002200021
210012221201020002012210
01101101111111101010101100111011110101110100001
0111110110110001010111000100101000100011100111
011101100111110000011
312463161506260521666221504353144232356050525
6333344610446016
1100100010110000100001100100110011001111
11052244024546601520
203055242504453121
323262
2121212020212
1011000010001111001111
653244
21112110011221012221
035615636104116633160116454112635260
1021022100200220212202212012200210112220021
244206123043600234440104443261411240256652456516
2010011112022101022102111111201111220200200121110
2221001201000220101021121
001110101101111110
12112022201211
12122201021111000201002111200122022
040515315031401045513030
02101100201020002
2012211210
621600425632614235165340106
4443111
01432430240030313514012213200
235234415102321152440
101001111
0001100011101
11212302104331
1101100111010010111000001001101100100
154660035120444632505552031445333541142522356
222122121001020211202112211020112001211000210
2201000102212121021022120121112212211121
42352440
1110111
101111111110001100111100011
20120010
011110101010011010000100000100
222000100221211122222111102121001020220022
23254345416661616252554465120000134
0110110100110100011111011010110
5062404060323244441
10200112010020022201021202201022002120112022202
0001100010101011010100001100001100000010110110
2121200110201020120210102120111202201101101200122
12211122220000012012010210221100201112110020122
02121011000000220112000121112
0103122201
33123102120
0010100010100101
3142111421240424
00101010110010011101101110100100101
133420031240244300
2433244322332311024
11010100001100010101101101010000000111100
200022
1121202121102012221211010220221222120100
256464404105266410
23523441510232115244
222012020220210110200120122001202220121112001
120211221001020012012221002210201222011102012
23142230340
102101201001101000112010200200220101012000112120
22010121021221210012001
102110000020110201
010001000101101
22010102222202201222102120102
0111111101000011010010
0011110100010101011101
101111111110001100
011110101
110101100101010111110011110101101111
0104404130430
02220120110211011010110202
441233513200511541210544454033554231550114150514
02121011000000220
11110000111011100100101010101110
0001110000111001001101010111011101
20200210202220121101021011212000100212222122
500251352522021330333110020
45232662
320311000464433563
450351444343213415443134142441233400443143055
0000001111010101010110110010101111100101111
110101000011000101011011010100000001111
011001100010110110101111100010000101
2031043444411210440
5452634445
010111100000100010101111
21021011102211110022121102121020200
122211002011111200201020110210112211220100120220
46036101051403456050
242202434510465033406526056425433253530225601140
1101202111120021212220000100211222120120002000121
1200201
0111001111000011000001011110010110100
012111101201121101122111101020220112112012011002
101001110000111100111110011000001001001010101011
0200003651035522535424101303404002612
41652663516250200
0222012011021101101011020222010220210
000021120222
03203120403211114413
2011120212120010001220201
10110110001
11244
01001001100111101100111111011000000110000110101
120111210202000112111211120101221212002211102
1110100100000001010100011101010101111
2210210200110112201100220121220202110111111112
1200121202200100112
1112022020001
0110001101101011111
001011100010000001000010101100011111000111
11000100210211111211002011210002111220120
100110101111001111010010001011110101111
0011111101000111011
1102502504202055010331113304
0110001001100001111100101
011110101011010011100010111101
2201122201120112221002121120002012011010110110020
3124631615062605216662215043531442323560505250
2012110222010121102222010202201122210100002011
0012200210011112220
00011101100001010111000101011010101101100010111
0202110202101
021012
1111000011101110010010101010111
04051531503140104551303
1110001110111101101001110011
10100010000010010111000111111010011100
1021012010011010001
00000011011100011100100101101010111011010111010
0211110
3000111214323144
24424232431331300440050
110010001011000010000110010011
20324154403050450
01222212
6460024602
00101001010101
325304532310122554214535102350053315205200545335
21212010011221101
333240305315121040522023
331534052425145052
511443132320113313125005
0212001012211002201010002222221222110122100101
02202
12021
01423010313
61005
01011010111001010101000101100100110100
10000001010110110001010100100001010001010001101
1022000220111202222210202110101200121011121012
111110011100111001000111111100000001110110
120110111011101101000022122002112202122102102022
100000010101101100010101001000010100010100011010
425252114201545334143200450244304345411535222042
000100001011101100101110011110101110000111010001
536314466602554
10221010222110211102201220110011111001021121121
0002111001
55445031211424312034
1011000201
00146052
210112221100011010222000012212121212221101101
001010011011
0001010111001
50025135252202133033311002
5223664113040544514
351044342044554222
0452625235354301532
1110100001010001001000100011001100111100100
3050025531252255063
20401056
22020111201201210002210221010100212022022012002
10121110212101102200021100112201222220011101211
001101101000110111100010
0204612315
21112110101000222201212212110021201002121201010
100000000110111
11100111111110100
220011245000234130552444
2020100102022200110102200012
11010110010101011111001111010
6040532103
00010000101110110010111001
0102112000112122110202211112220102110202011021
001000000011110000011111001100000011110101
511244535042545121
10221211102000022122211222221222010102100
60251204320441161
1212000012100210220210010212101202210210021021202
3505464030613012416
2020100102022
21021211210011112210011110212201111120011210210
20000211201112012001222020120221110001
0001020120
523522551
00000000010010101101111111111001101
000001010010010101100100000100011111011011
220201112012012100022102210101002120220220120020
0121111012011211011221111010202201121120120110020
33313060543546366651665302265215521542045
02022210122021111020110122210022102010200021012
2012110222010121102222010202201122210100002011000
25432220146153662
1111001011100100111
00210120
31112012332131
6230665124355202155514132101562353036
001101010110000
0110110111100100000101011000111100100
0121222002202211211102211122212211000012
10031001
102212111020000221222112222212220101021
020212012002
010000011111100101101011110110010001100011011
1200001110201222111
120110111011101
0000421043420301
200222001112102112212010201201020002221221002
3253045323101225542145351023500533152052005453350
22212212100102021120211221102011200121100021
1032142003213413302102513142
10011101010000111101101111110111111
20011020100020000020001
11011100011011110100011111100
01202210222200110010212202210002010101112011222
1110101011101001100010
353045020355535015
3101651511
11111000111110011
11101101100111101
0010000111101110111100000101001001101
5552602243056640512004405140222446355
1660124020011
01110000000101001011011010010
2112222000
11111000111110011011111001011000000100111
101220121000000122120221111222120001012020112021
2200221020122010001102010112222202010121012000220
1101011100110010100110100001110000000010100
342046205113502422060156430653364161314
2521360244453643
1000110020112212001110122220022100100022102112122
523204520200423552002213
111001111111101001111100100110000001111
0515415243411234024131235452245145213243030214045
2200020
11011100011011110100
010101110110001001100000101001001101110010111101
00121122121122011121
2201202111
45465
00001010111001
2112210222100110022022121200202200111100111021
20121
10220002201112022222102021101012001210111210120
101010111001010010101010
01001001010001001
424436241563213210013251535330
2201012102122121001200100
222200001010101001212211001002222222001202111021
0235134554236515
02666020615261542
02101010002021101
0001010111001000001101111101011001110011100001010
4531515
01000110010000100110110100010000100
21010221020102022
2033113204002414231
2225313
1001101011
416223
220112220112011222100212112000201201101011011002
12221100201111120020102011021011221122010012022
012222211122012112102001222120110201011021
10110000100011
10011100101100001000011010110101111110111001
5130555345451523441211050420134403341520331512151
121101001002210
060066
201441403120402101
44410211346
012222122221222220010210201200221010202
20120010022222011221200200212121122101122
526563031422403020
31125
100001101111101111
10022210121220202000020012210120221222110012100
0010101010101
010010002210222010012200021220001102001210101
220002
11101010011011001001010
00000001011010101101001101110110010111010101011
42443624156321321001325153533
32445
0110011110100111111101000111000001010100001100010
4451152413220522425
101111000110101100111110000000110100
00111000000011000011001000101101
014324302400303135140122132
23412413223010312323
3111143200334441550324
45334435115202543
120021101010220021212100220201221121022111102
211222200020001211201201022120122220101210011
5356345115015240055
22221012212112110011102120221212010121110
0510303
00220022022121212111
011000100100100011111000000010000100
100111010100001111011
10210221002002202122022120122002101122200210
12111020010102
1112222002010101002
0011011010001
110111100010011010100101100101101
2300015661
10210022002110222101211
0210110020102000200
11200002110002212212022211112011100020202021022
12101002010201011221012112200122202121102210101
0405153150314010455130300
01111011110101010110110010110
22010121021
02022
002121
446266613244
11110010202201
10011101010000111101101111110111111010101100101
0010110011011111011110110110110011001010
0121210112222100210001202012001020120012011111212
51230506250450505015622504644144223641
222102201
232101132124243551033321
2332200
001100001101110100011110000000101110111111101
11000111100011100000001111111011
101121
21101100222211111110222121220022110212011
02232324
663535610502
2112000112101020102211220100121202011
364165425130431450521523301122
00122222200201222002
0012001221022111200021211111102101211012211022
1000022101020222212120120022201220111020022020
001000011110111011110
4511013113041210153323320301
5256
101011111000001010010110011100110011111000101
0320104100340
100101111010001100111
000021210221011212010212022122012
101110100100
10100021220112020022211010212102101022221212
00100000001111000001111100110000001111010100
25556234064354600
32222340552332100220254
20111022222220211001
0012001221022111200021211111102101211012211022000
10212210022210002221010011110021122010022112021
01200111120111
20010122211
11010110101110100110011011110
0011112001011020212020200220
01525205402113142314053
4603610105140345605
21201001021011102102
0010100110111000001011011011100110010111011001
001100000100111101010110000110011010110
2120100200210002122
4305243021512333004201330
512305062
22101101220222
2102121121001111221001111021220111112001121021
22012212011102110112212102001000220012120002202
460361010514034560505431235562304415403
41302314
01212202012121122101
12420420242421204
32232
10215102221320234452345
10211002221
22211022022210121012120122121122010112
13351325122103535225
62424
603005442
4330151223013510343350323341435235241505155540131
11100011101111011
00020210021020011
300011432423304042
14661425666136636
100002210102022221212012002220122011102002202
0110001011101110011101100001001110
31111432003344415503240
1010000111101101110010
0111101010110100111
0010112002002101002012012121211112120222020211002
0010000111101
220101022222022012221021201020
001110111
441321024100200
100110110010100101001111101000100000101
11012001202002201220201101122110222210111101201
102212111020200111101110022200221101002012102122
100222101212202020000200122101202212221100121000
026660206152615420105611406316311032152422
20121102220101211022220102022011222101000020110
421333121442
46341
2121122011201021110100121120201002120002101022102
2422024345104650334065260564254332535302256011400
4341034400134302
0163546145514025034166221160
010010100000000101010
25005
426050643
111000111
51620521241213601
0022221010001122200202010200020102212000122202211
25320451231125254151
1311431414133
11000110000011110001010110
555215106444
01111000000011101100111111000001010001
226355143543462504450062564362264660000530032
0022221201
121405245051
202002102022201211010210112120001002122221220
20011222101
212313
12000221220211210122100122120111
1434303
211222200
1001110101000011110110111111
1110111001011011010111010010010
244234354412143251
011011010011010001111
0001101112022121120
00110000110111010001111
0100000010010101010100110111
21221010102
02101100201020002000
1111110011100011010001000001110011
02101012221011020012122000020122101012111022122
0011000001001111010101100001100110101100110110110
425524334055552
0100101001001110000011100011
01200000111
11001111000000011011001011100111100
2101200
0646230313062
10200121212000000
01100210020222221212112110112022100111212101
1101110001101111010001111110
10000111101
02220120110211011010110202220102202100
355453105103031022044415335352112025443332425450
211011
222210122121121100111021202212120101211100
21121200121121110101201111020221200210202111002
1605036666613124302020126431416103415636103324254
01110001110111000101111001100101
43040321330200434
43003431
0120121212
1010010100100101100000011101
04314
100222101212202020000200122101202212221100121
220202002122210120121010210201122010110122102
026604
160524156
216430606201560
01126454325360
56163030525320560011
122202120101202011212021101210120212201010102
021211122022221211101102002202021102111012
100110101111001111
0110011000101101101011
2100021200110000210211100022210101010222000011
110010001011
02411014442134131
221100021202012101122222111022
343044
101000001100010010
10000110111110111110001010010001011111000011
001010101100100111011011101001001010
30344231103
22111121222001220201110201220112010110122110
0011000101011111111
10100111110011001100011001001011110000111011
0021210220211210111100002212122100002011220222
1543420551
0001110000111001001101010111011101111010101
1110102022212022022211001002220110120222210
00010101110010000
24220243451046503340652605642543325353022560114
01011121002021
3661536620231206343425150434335065223052005003055
1010011011
110111000110111101000111111
12110100100221
0110011000101
0010211120002022220201112002012122120220001221
0101011101100010011000001010010011011100
100362006303
000021210221011212010212
0361150203453111
22212100222102010011101202020022101
11212021211020122212110102202212221201
523354154244333201
01201201212222211222112002101
242202434510465033406526056
0433501325212150404405
1630424104326265533
1010010100100101100000011101011101001000100
01000000100101010101001101110
010011101100011110101
1040423332424040
233451323020332
1253663134012263322014264011406
20121211011121000102011122112121212202221
330060
222121020222211000101
06455600031
1101110001101111010001111110010110001100100
110120012020022012202011011221102222101111012010
10101001100001
11101101110000000110100010
135420351313431023424
22101101212111012022201211201210110222120001
0001100011101011110011
1202221020021221012202122210020211120220
10045120162253640
011111001111011010001000101010110011011101
001111001110011100111000001011100001010011100110
6316035013224
2010121110202221
01200012110010110210112111222222121220110010022
0122222111220121121020012221201102010110210
6040532103346264346325520441563462
1112022020001111000101221112101212210
11022202111211010
110101110101100101100001110111110011100001
010011101100011110101000100101111
0000010100100101011001000001000111110110110000
041304
16150445316
10010110100001111000001010111111000111010110001
0211202222101201220012101001001220211112020022
53452330531243236
11010111
2011011112102221
44046
1000001001100011
0101001010010001
011101000111100100100010101001010111
100000000110111001010101111110110110110111
62244
200121
10020102122012211
35545310510303102204441533535211202544333242545
0001010010011110100000001010000110
453202664022
4402303455044113043013
10101111020121021111
112212111022200022102100122000222201110101220
334403111243022120
105
2011120212
11100111111110100111110010
00110101011
1100010021021111
