11
21921
6030
100000
32402
9934
27453
644
2002101
25447
1345
23667
6385
31056
16994
01111
19838
100
98
25550
022
4515
4562
23122
20080
02222
001001
22212
31
02133
20715
2820
29922
2210
22698
10121
10699
16053
9704
08149
26486
17724
1812
00004
2021
000311
9131
25417
1021
12110
66
4335
717
10000000101
1000101
15796
00000000000000000000000000000000000000
001110
7895
20086
31353
25530
483
000011
9013
384
26052
18724
2734
18076
12549
12011
2656
3646
30450
002011
12222
04074
3641
27868
13111
000000000000000000000000000000000000000000000
14068
12020
4546
11612
1001100
21815
26161
22623
12865
21001
000000011
1001012
10180
10569
16504
566
29
21020
13803
31323
4653
24494
11210
20836
32451
21210
10210
22225
69
27481
20900
28363
622
1298
0022
1617
000101
000000000000000000000000000000000000000000000000
780
17937
30375
24288
13542
10201
6580
26588
139
20964
203240
675
0003354
683
529
14677
2440
0001111
0000000000000000
65
000000000000000000000
32375
13854
21147
12850
01120
5471
17394
12631
02120
09189
18052
02210
31041
201435
10550
348
12131
12675
202
10112
18905
10010
45
000000111
21926
12304
3408
03004
7521
23172
9260
816
21379
101544
103030
25079
4076
12152
6
21788
12410
27762
10021
12848
513
26543
16134
3660
22168
29796
201111
1000011
25494
4390
22021
967
9
13676
20262
5921
0121
21043
5
6155
32105
13260
16058
00111
23201
342
3635
121
7512
200110
3695
5531
28730
3592
9228
3863
00000110
18188
13419
00010
21653
0
10685
1001102
18589
3415
30109
4071
002
31800
3243
10763
8
18010
10006
27838
31519
4
14373
17321
23334
03012
000000000000000000
480
28593
126
1001
0212
15763
1101
10191
467
31348
000000000000000000000000000
101101
952
23687
23278
32652
2553
16003
17657
000000000
3507
10590
04311
18104
3924
0563
23152
23118
13443
10011
9675
10022
101102
01432
00001221
12851
27882
27556
27582
825
02013
22102
12361
000000
9316
30235
16042
8240
13362
11615
5017
266
200002
7273
10002
2105
00000000000000
138
000010
11202
11111
30062
16285
11063
110
14240
14938
00101
4452
23142
57
30379
15980
10489
1220
000002
000000000000
21039
23232
11239
1563
5394
20678
492
303
6073
02200
1011
11694
28251
32331
01221
1022
13239
1241
14711
25849
22667
0211
24982
30403
21271
21110
30111
89
12310
100000001111
3207
2774
27196
30144
7
00000111
31397
10182
22350
011
02212
18739
10663
20046
24387
20043
9872
221
002202
03621
2694
23164
22444
1201
100111
1957
002211
27930
2462
20840
23545
2757
10831
2099
28477
00000000000000000000000000
1111
3097
1584
04242
23482
17602
12221
31279
22083
24626
15894
1112
10340
20228
5741
12122
1000000100
15236
25873
23110
10102
258
000
17182
07161
366
9816
0000010
29212
102100
10649
122
96
21222
0202
13559
28460
11166
15001
10146
23455
0000000000000000000000000000000000000000000000
22343
01010
8833
0100
11705
11959
15135
28659
7582
27647
00202
220
14547
29849
39
100000000100
1803
20211
19338
101201
10134
26313
2
04335
27874
12470
5402
14627
11201
100122
29568
10000001
16769
906
276
02111
00011
18932
8484
23401
20252
23406
333
21021
22781
102202
10410
8598
002102
27258
10312
1608
30048
12101
0356
3180
0000
11571
20898
27016
27534
663
20000
12574
2011
19727
8341
13836
20011
4732
04042
7105
04
000000000000000000000000
13513
9331
001053
6393
007332
290
01536
20388
05154
22087
591
001010
24861
200101
00100
21893
10001010
31151
01101
10110
179
25483
12309
10000000111
2562
100100
28565
11452
6423
20240
22371
25575
2472
10475
200022
20411
318
00110
93
8112
11100
7993
724
112
00000
6504
18075
960
1120
852
003024
3083
202211
22
8759
0266
24423
7523
29150
20845
30121
1001021
7216
00000001111
31408
22684
18866
101111
00001111
201122
32063
2460
100211
11244
7147
0000000000000000000000000000000000000000
2355
2012
107021
18478
30968
31275
02021
555
603
1001101
7279
25525
23920
3679
23313
7503
13480
00474
0122
26091
22012
15244
0000011
2517
12001
2543
456
755
0110
16277
0258
17626
4189
16414
31330
200261
3318
375
27361
01220
21053
14540
0000000000000000000000000000
6546
0001100
7879
21852
23105
554
10100
17400
18828
1946
31144
14962
02202
201222
12021
2675
10220
30340
5981
13176
12519
00000000000000000000
22211
32152
2102
11089
9763
24333
02344
3345
11943
21101
13512
2128
100101
673
4514
078
1000001101
14221
32226
23563
211
14384
15252
20201
28989
10000000011
8403
10834
5068
7729
32222
10198
36
25945
5360
14017
29156
05120
20344
130
252
1602
10001
100001111
000000000000000000000000000000000000
24043
4713
21211
14258
101010
21721
3724
12929
27228
85
29019
5810
20238
20358
00121
653
14638
100000010
76
101
11011
23036
6535
12047
00000101
000000000000000
7357
13430
201212
18626
11304
21810
0000000000000000000000000000000000
4064
4603
13
01201
21808
5006
29085
29517
19582
10884
01
22508
01211
000000000000000000000000000000000000000000
00221
01001
21557
14856
26444
21633
3104
24688
0001001
000000000000000000000000000000000
16403
30544
12002
9858
2000112
31001
20121
20801
1646
200102
1086
14138
1043
002210
212
11101
30570
069
27457
9815
00334
15257
48
27937
2120
12847
12218
16189
32432
3347
31125
0001220
645
25620
17593
22316
4058
44
17992
1000000011
23259
100612
84
32445
21122
21907
0101
001
15967
29026
7685
26900
25700
00000000000000000000000000000000
1004142
002010
25850
15770
28630
2018
13200
14343
8626
1000000001101
24108
582
9219
8045
2020
5550
8025
12237
02010
23243
02022
01011
627
002121
13217
00001110
3420
02
01022
14429
101121
1218
21414
3154
200002112
23297
31793
4326
1671
575
94
87
1197
3
29213
7831
317
28643
01012
5256
11583
1544
01322
0221
40
13024
234
01202
1
28301
01100
23253
32258
21402
1432
00212
4244
32232
00000000000000000000000000000000000000000000
744
23523
002222
21944
3515
11352
21805
1100
15291
1121
32268
20100
04340
2733
834
0000100
10101
10001101
28705
78
2907
1001110
02555
20001002
1001000
4425
11000
13325
048
1002221
25005
102220
12111
15312
4773
16710
11022
19933
00122
101020
101011
07874
1323
19925
27084
31204
343
18354
20000001211
11214
23102
20020
0011
22404
4286
31863
002200
3638
14099
18878
19973
23323
926
202122
22925
9549
5352
5100
19302
24497
10119
636
001100
1820
18602
04314
1228
20
111
5277
0000000000000000000000
423
26853
8841
26721
26692
5765
2667
32350
10000111
10443
5343
31002
4533
22177
201101
7123
7424
31814
26254
10111
4235
1106
24269
3204
890
8888
10
16446
13944
32333
7415
621
23254
27149
29237
00000000
18187
609
010
2711
27672
100001
0010
11320
29832
0111
14723
23769
11911
19615
205233
8384
20212
25147
13786
27520
05653
26040
00
28940
22010
21668
30237
11237
5755
001220
26728
1396
5514
4128
11110
2886
2185
0000000
206510
9863
18929
49
000000000000000000000000000000
1231
12796
54
2002212
8927
11120
13530
31181
19561
26198
31979
000000000000000000000000000000000000000
1110
0000000000
27011
21044
20553
001111
101110
16391
03431
200111
1000012
20332
200121
28751
63
02101
9562
096
0000111
1001011
105
464
12607
17416
8763
000111
10423
