30304000000000000.000000
3753000000000000000.000000
5.2376e+15
0.167850
6.456e-08
2.577e+10
2.4733e+20
1.5313e-15
4.041e+21
0.056262
3.3162e+17
4.8259e+20
466210000000000.000000
5.8309e-06
9.825e-16
3.259700e+14
547490000000000.000000
11163000000.000000
402170000000000000000.000000
6.249200e-14
1.236000e-03
1.5834e+08
2.227600e-08
4.833000e-11
5.577600e+00
54764000000000000000.000000
3.540000e-07
0.051018
544.13
5.618600e+16
8.433000e-09
2.731400e-04
1.555200e+15
6.185600e+13
5.848100e+11
1956300000000000131072.000000
2.8881e+15
3.181100e+20
4.9931e-05
5.9676e+20
9.158e+16
2418400.000000
2746000000000.000000
492630.000000
0.00056555
3.723700e+02
8110.000000
5.002e+13
6.220000e-15
2.366e+24
5.705100e-01
4.564300e-13
1047.9
3.5544e+21
1.210100e+21
6206.2
41009.000000
5.044500e+05
1.4738e+18
1.2825e+10
196180000000000000.000000
0.00062442
7.224000e+10
2.096200e-15
2.249000e+15
7.648000e-04
6.264800e-12
2.560000e+09
4.1036e-12
1.1464e-16
307.64
6.299e+10
2.325600e+09
4516600000000000.000000
1.0203e-15
5.5416e+21
5.170000
7978000000.000000
1.0555e+12
0.054692
1.092e+18
45811000000.000000
208.75
2.399300e+18
7.031000e+19
1.8291e-13
28.836
3.7403e-11
1318699999999999980077056.000000
6.3441e+11
4.2648e-07
0.005889
5.3202e-09
3.3297e-12
57160000.000000
281410000000000000000.000000
1.508500e-14
4.159000e-06
3.4619e+07
2.1852e+23
5.2464e-10
1.608500e+18
3.912500e+05
2.179e+23
4.853400e-08
1.076700e+09
1.076600e+17
2.1545e-16
1.904200e+07
33102000000000000.000000
5882000000000.000000
1.5852e-12
36948.000000
4.257600e+17
3.115100e+16
477400000000000.000000
3.2632e+13
4.980600e-07
6.284000e+17
4.622e+23
4.9503e+20
1.6346e+18
0.000003
2.015400e+13
55.816
5.694900e+13
3.760000e+21
4.963200e+18
3.8148e+07
284620000.000000
4.3586e-11
0.1158
6.207300e+20
837400000000000000000.000000
6.4408e-11
10.962
43223.000000
573870000000000.000000
3.8259e-09
2.6454e-10
1.113500e+03
490.59
0.000014
59040.000000
3.658600e+21
39100000000.000000
1.7465e+14
5637900000.000000
0.52184
1.880500e+15
3495599999999999786090496.000000
3.167700e+04
1.669600e-06
1.021700e-08
3.9386e+23
2560200000000.000000
4.921300e+20
276530000000000007864320.000000
0.00033128
2.582700e-06
1.369000e-09
4.903300e+06
1.037400e-01
44176000000000000.000000
5.654900e-14
5.045300e-15
4.3531e+08
5.744000e+16
1.887e-07
1.018600e+14
5.0618e-16
3.7373e+07
2.801100e-09
6.0377e+16
5.494700e+01
6.079100e+11
2.646200e+06
2.121800e+08
2.548800e+11
0.00055933
9.243000e-08
1.803000e+06
32520000000000000.000000
5.5761e-11
5.302900e+02
6.480000e+03
2.556700e-09
1.9016e+16
3498500.000000
732.3
2.1256e-12
6.038300e-12
289.26
6213400000.000000
5.587800e+00
3.614200e-09
4.132200e+06
6.076000e-08
1.7721e-13
0.06392
8.080000e+15
2511100.000000
2.485000e+09
1.9173e-05
0.000583
0.455200
1.3316e+06
4.158500e+14
5.706100
2.9659e+24
1.628e+12
1.837000e+06
2.253900e+03
6.478400e+05
5.134e+06
117130000000.000000
8.459000e-17
4.4163e+09
3.3508e+09
3.374700e+10
1.9091e-16
2.5353e-11
9.217e+22
5.3652e+13
6.3408
4.4492e-16
4.304e+09
0.000642
3404800000000000000.000000
283950000000.000000
0.002808
4.255000e-06
487430000000000000000.000000
4.075500e-06
5.434000e+20
0.048762
4.186600e+10
64020.000000
5.366100e+02
2.507e+18
714.400000
4.0851e+11
284460.000000
1501.600000
0.050950
1.501500e+01
0.000001
4.107700e+23
2.662600e-11
4.292000e+19
27.654000
1.6034e+20
113630000000000000000.000000
4.097000e+22
9.686000e-11
5.310800e+17
3.245100e-11
2.098e+23
0.004041
1.0414e-06
4.855700e+15
12094000000000000.000000
4.173100e-12
5.536200e+21
5.521700e+07
1.685200e-01
8.377000e-05
556030000000000000.000000
3.658500e-08
2.393200e+14
3.863e+09
6.361700e-15
6390099999999999717933056.000000
1.972900e+17
2112600000000.000000
3.857200e-13
3.888900e-08
1.100100e+02
0.021007
212800000000000000.000000
0.044030
4.751600e-05
5.998600e+16
628299999999999971688448.000000
4.178900e+08
400.24
4.976500e+02
3.473500e+19
4.5424e+14
17066999999999999213568.000000
2.0479e+10
0.000141
2.9586e+06
0.45634
4.395400
5.1444e+16
1.110000e+02
1.6975e-10
6.433600e-03
5.905200e+21
1622100000000000.000000
225780000.000000
3.918400e+08
5.738400e+08
2.5612e+22
1.753900e-05
2.658300e-08
6.2796e-10
2.426000e-16
4.93e-06
1.3937e+16
5.349800e+02
0.0007027
2.6594e-14
2.2133e+23
430260000000.000000
6.311000e+17
4.687600e-12
8.516e+12
0.033185
49.492
39.143000
325400000000000.000000
4.7083e-13
5.660100e+08
12883000000000.000000
3931600000000000000000.000000
5.269800e+18
4.9028e+20
5.742400e+00
6.4829e+23
2.3421e+07
0.11871
4207900000.000000
843.700000
3.013600e+00
5312300000.000000
0.416900
2.395000e+23
0.003443
2.2292e+10
5.564400e+10
1.025e-14
4.824100e-03
149720.000000
2.472200e+07
359260000.000000
4.087400e-13
1078199999999999934988288.000000
0.054591
0.000026
3.0377e+09
5.429800e+09
3.443e+18
0.234290
4.490200e+21
2.701000e+13
5.2279e-06
3.110600e-13
0.003937
4.4015e-15
9.800000e+23
3.3939e+22
5.052300e+20
2.049200e+23
496.400000
0.000058
2.411800e+04
0.005475
6.223900e+00
2.509500e-01
1.4911e+17
5.680000e-04
1.804700e+13
5.073000e+16
0.036482
3.809100e+00
37528999999999999737856.000000
4.188400e+18
1.479000e+19
57009000000000.000000
4.641300e-11
1.435000e-09
2.2982e+08
48803.000000
4.4933e+16
306.820000
52903999999999997902848.000000
3.5438e+20
2.563400e+23
0.26679
1494.000000
22530.000000
1.6193e+09
4.692400e+18
6.131700e+17
4.486200e-06
7.74e+11
3.703e+10
275500000000000.000000
6.3552e-09
4062900000000000000.000000
1.2368e+11
3.272900e-08
0.035944
6999000000.000000
3605.000000
4308.000000
199300.000000
7.315000e+17
5.6122e-10
30.75
1.2409e+17
5.733800e+17
2.398600e+02
1.761500
354700000000000.000000
5.894100e+08
0.152
6.056300e+18
1834.700000
3995100000000.000000
0.000704
1.983500e+00
4.6809e+14
57447.000000
2.3762e+12
2.986800e-05
0.000000
5.832700e-03
0.0024354
4673900000000.000000
530110.000000
0.0056217
2.010000e-13
4395800000000000044040192.000000
15441000000.000000
4.0983e+07
8.927e-09
5.735e+12
44092000000000000000.000000
3.147100e-08
5.296400e+20
6.3537e+14
6.1513e+15
1.484700e-16
5.048400e+00
5.058900e-10
2.160500e+24
4.7061e-06
4.091800e-08
2.398800e+21
1.231200e+08
3.866500e-16
2.224700e-14
3.335900e-12
621120.000000
3.963100e+04
4.033
4.056700e+22
5.272300e+13
3.929200e+24
1.310800e+11
6.141000e+06
5.9499e-06
1.6214e+20
1917800000000000000.000000
1.0481e+13
8.071000e+20
2.9114e+11
5437900000000000000.000000
4.284900e-01
5.9112e+20
3.105900e+18
4.0115e+06
2.595000e+03
5.5529e-13
3.649900e+21
1.376000e+05
3.965200e+00
3.1481e-09
5621.600000
1766000000000000.000000
62096000000000000.000000
45061000.000000
5.229500e+14
1.8573e+10
1.202000e-03
2.896900e-07
6.314700e+04
2.216900e-09
1.074800e-11
1.0511e+14
6.386200e-08
391.450000
3.121000e+07
6.770000e-02
1.0998e+23
1.384e-16
1.5331
6.245100e+14
4.1955e+22
6.471300e+00
1.170300e-04
6.0842e+19
6.367600
3936000000000000000000.000000
4.929000e-10
4079.100000
6.1538e+16
2.0197e+13
1.608400e-06
8.394e+14
3.004700e+11
4.120000e+20
1.4091e+20
7.780000e-12
0.000390
4.498300e+08
5.1016e-08
5.68e-09
3.7341e+10
3.994300e+11
4.207e+16
4.676500e+02
8577000000000.000000
238860000000000000000.000000
136500000000.000000
5.294100e+00
3.1309e-11
76590000000000.000000
1.416100e+13
5949000000000000.000000
2.813200e+09
0.076660
132510.000000
35519.000000
8526.000000
4.1141e+09
2.1902e+11
604550000000000000.000000
475490000000000000.000000
24052000.000000
404030000.000000
3580.400000
3.2966e+10
5.563800e-01
5326.500000
0.58778
8.241000e-02
5.598000e-12
21.585
4.6886e-06
6.689e+09
0.004498
4.9318e+24
0.117090
6.0552e-13
0.000024
1.812900e-08
1.385400e+18
42701000.000000
2.966000e+21
3.374e+09
0.028490
419040000.000000
3.402400e+17
2.2924e+08
436010000000000000.000000
2.953600e+05
302.22
3.3386e+23
0.00034102
2.845800e+08
4.324600e+05
2.0525
7.422e-08
299950000000000000.000000
40.198000
4.5152e+11
0.0011202
1.630900e-03
3.985200e+12
2.372600e+10
3.457000e-17
2.540700e-13
4.004600e-15
21.732000
3.3133e+17
1.0883e+09
4.942800e-13
9133000000000.000000
3.019000e-04
4.466700e+13
1.9064e-09
3.246400e+07
4.4502e+09
1.744500e-02
2.245000e-05
5.079100e-06
1.553000e-03
1.4527e+20
0.080700
5.064000e-10
3.2184e-05
6442.600000
5.231900e-14
0.000002
0.081610
223.94
3.3829e+20
4.411300e+05
3.5571e+22
2.355900e-15
2.277900e-09
5.886800e+07
2.653100e+17
311.06
6284.6
4.0638e+13
3.002700e+14
1.4067e+24
181930.000000
2.660800e+09
5.225700e+22
1.2612e+18
2.202000e+06
1.6726e+16
234.530000
3.421500e+18
5.181300e-04
0.000337
5.0705e-16
57766999999999996067840.000000
328700000.000000
0.004183
5.522200e+10
145740000000.000000
30990000000000.000000
1.039000e+19
0.00064743
2.836000e+21
4.757300e+01
1.406000e+23
2.9851e-12
4.3024e+11
5427.300000
47278000000.000000
3.383300e+09
3.6637e+12
2057699999999999868928.000000
1.5019e+13
3.024100e+13
6.0837e+06
4556800000000000000.000000
0.004339
0.005200
2.076200e+01
5.0652e+17
4.243600e-02
2.5452e+14
1.2528e+18
9.606e+13
5154.300000
179420.000000
5.789300e+16
3.5056e+21
0.0064285
514989999999999966969856.000000
1.433300e-14
3.832800e+08
34954000000000000.000000
0.000006
2511.000000
4.67e-10
4.451900e-05
9.850000e-05
5.2998e-16
35016000000000000000.000000
3.3476e-12
7.2e+18
0.000005
10028000000000001048576.000000
4.797500e+04
1.873900e+02
4.814900e-08
3689800.000000
6912000000000.000000
1554900000000000.000000
1.056000e+03
2.655900e-09
6.1265e-08
5.632200e-11
9.727e+18
2.9551e+14
1.270500e+11
2.411400e+11
0.4482
16812000000000000.000000
8.27e-11
6.622000e-01
6.193400e-01
5.445100e+10
21.910000
5.618100e-10
41.385
364190000000000000000.000000
6.0488e+10
2.7577e+09
3.2082e+18
56800.000000
3.981800e+12
1053.400000
5.830700e-07
6.067
4.512500e+21
33003000000000.000000
0.214680
4.3553e-14
2.694500e+11
3945200000000000.000000
5.931000e+08
5.4784e+18
7.373000e-14
1.477400e+01
0.028441
0.000420
3.5859e-15
4.934000e+11
7.937e+13
3.525800e+02
630590000000000065536.000000
6.4529e-15
1.5989e+12
6.414300e+00
6.251300e+22
1.029400e+10
4.294900e-09
0.044413
4.6383e+22
5.8003e+23
6.810000e-12
3.7156e+18
4128.400000
1.263400e+05
0.064618
5.522000e-16
3.171600e+02
1.6025e+15
158580000000000000.000000
2.8539e+09
5.674800e-03
3.6086e+23
5.7112e+11
9.927000e-09
2.917300e+08
4.784600e+15
3.543900e-01
2.115700e+15
60018.000000
3.8954e+13
4.851700e+18
118200.000000
2.3789e-13
5.303800e-14
4.2477e+11
4.3244e+18
1.0536e+20
1.8145e+13
1.428200e+00
1.1366e+13
418300000.000000
6.447300e+16
57268000000000000.000000
2.2482e+15
39.799000
22176000000000000000.000000
5616.000000
3.026800e-04
2.5729e+19
0.5106
4.7018e+09
4.7113e+19
6.4631e-05
346710000000.000000
6.016700e+19
4.289000e+03
3.717600e+17
2744100.000000
1.187500e+15
2.8596e-10
4.2357e+13
7.032e+19
12.926
3.153600e+21
2.9987e+19
0.001071
4.3019e+23
6275.6
4285200000000000000.000000
5.289e+21
0.0027495
2.9898e+23
1.179200e+03
3.046100e-07
1.262600e+21
24503.000000
6026300000000.000000
0.000034
6.0502e+08
3.490800e-04
6145000000000000.000000
1.9002e+19
3.927
59700000.000000
4.041000e+10
3.718100e+13
0.029719
1.521
5.3384
4.982200e-16
5.0309e+06
2.2403e+10
4.3193e+22
26628000.000000
9.358000e+15
5.028000e-14
4.121000e-14
2.865800e+13
1.9715e+18
4.194200e+16
1.6361e+19
9.542e+15
468840000000.000000
1.908100e-06
2.8134e+10
589.420000
0.41997
179000000000000000.000000
3.5133e-07
3.613800e+13
0.001493
373500000000000000000.000000
3802500.000000
2.4635e-05
5.508900e+13
501.910000
4.8559e+07
6.2296e+09
3.1645e-15
23194000000000000000.000000
0.401710
1.5354e+14
1.763e-12
0.000181
3.122400e+18
2.159e+11
4.6663e+17
2.2313e+08
0.045006
1.2547e+09
3.2892e+19
0.000644
3.7276e+20
2.883300e-03
6.315400e+22
1615700000000000.000000
3.2465e-11
5.1868e+17
1.388900e-11
5.0896e+13
4.418100e-15
4.896100e+19
1283500000000.000000
6.312600
6.120300e+22
979200000000.000000
5.888700e+01
4.598900e+03
2.4121e+19
9.553000e+13
161.66
6.370900e+04
4.934400e-04
1.0789e+15
5.358900e-05
479.93
4.28e-07
1.664600e-02
4.0732e+23
9.173e-15
1.254500e+14
5.390600e+17
4.5198e+06
552.15
1.7888e-16
6.400200e-14
383140000000.000000
